name	normal	fire	water	electric	grass	ice	fighting	poison	ground	flying	psychic	bug	rock	ghost	dark	steel	fairy	dragon
001bulbasaur	0	0	0	0	1	0	0	1	0	0	0	0	0	0	0	0	0	0
002ivysaur	0	0	0	0	1	0	0	1	0	0	0	0	0	0	0	0	0	0
003venusaur	0	0	0	0	1	0	0	1	0	0	0	0	0	0	0	0	0	0
004charmander	0	1	0	0	0	0	0	0	0	0	0	0	0	0	0	0	0	0
005charmeleon	0	1	0	0	0	0	0	0	0	0	0	0	0	0	0	0	0	0
006charizard	0	1	0	0	0	0	0	0	0	1	0	0	0	0	0	0	0	0
007squirtle	0	0	1	0	0	0	0	0	0	0	0	0	0	0	0	0	0	0
008wartortle	0	0	1	0	0	0	0	0	0	0	0	0	0	0	0	0	0	0
009blastoise	0	0	1	0	0	0	0	0	0	0	0	0	0	0	0	0	0	0
010caterpie	0	0	0	0	0	0	0	0	0	0	0	1	0	0	0	0	0	0
011metapod	0	0	0	0	0	0	0	0	0	0	0	1	0	0	0	0	0	0
012butterfree	0	0	0	0	0	0	0	0	0	1	0	1	0	0	0	0	0	0
013weedle	0	0	0	0	0	0	0	1	0	0	0	1	0	0	0	0	0	0
014kakuna	0	0	0	0	0	0	0	1	0	0	0	1	0	0	0	0	0	0
015beedrill	0	0	0	0	0	0	0	1	0	0	0	1	0	0	0	0	0	0
016pidgey	1	0	0	0	0	0	0	0	0	1	0	0	0	0	0	0	0	0
017pidgeotto	1	0	0	0	0	0	0	0	0	1	0	0	0	0	0	0	0	0
018pidgeot	1	0	0	0	0	0	0	0	0	1	0	0	0	0	0	0	0	0
019rattata	1	0	0	0	0	0	0	0	0	0	0	0	0	0	0	0	0	0
020raticate	1	0	0	0	0	0	0	0	0	0	0	0	0	0	0	0	0	0
021spearow	1	0	0	0	0	0	0	0	0	1	0	0	0	0	0	0	0	0
022fearow	1	0	0	0	0	0	0	0	0	1	0	0	0	0	0	0	0	0
023ekans	0	0	0	0	0	0	0	1	0	0	0	0	0	0	0	0	0	0
024arbok	0	0	0	0	0	0	0	1	0	0	0	0	0	0	0	0	0	0
025pikachu	0	0	0	1	0	0	0	0	0	0	0	0	0	0	0	0	0	0
026raichu	0	0	0	1	0	0	0	0	0	0	0	0	0	0	0	0	0	0
027sandshrew	0	0	0	0	0	0	0	0	1	0	0	0	0	0	0	0	0	0
028sandslash	0	0	0	0	0	0	0	0	1	0	0	0	0	0	0	0	0	0
029nidoran-f	0	0	0	0	0	0	0	1	0	0	0	0	0	0	0	0	0	0
030nidorina	0	0	0	0	0	0	0	1	0	0	0	0	0	0	0	0	0	0
031nidoqueen	0	0	0	0	0	0	0	1	1	0	0	0	0	0	0	0	0	0
032nidoran-m	0	0	0	0	0	0	0	1	0	0	0	0	0	0	0	0	0	0
033nidorino	0	0	0	0	0	0	0	1	0	0	0	0	0	0	0	0	0	0
034nidoking	0	0	0	0	0	0	0	1	1	0	0	0	0	0	0	0	0	0
035clefairy	0	0	0	0	0	0	0	0	0	0	0	0	0	0	0	0	1	0
036clefable	0	0	0	0	0	0	0	0	0	0	0	0	0	0	0	0	1	0
037vulpix	0	1	0	0	0	0	0	0	0	0	0	0	0	0	0	0	0	0
038ninetales	0	1	0	0	0	0	0	0	0	0	0	0	0	0	0	0	0	0
039jigglypuff	1	0	0	0	0	0	0	0	0	0	0	0	0	0	0	0	1	0
040wigglytuff	1	0	0	0	0	0	0	0	0	0	0	0	0	0	0	0	1	0
041zubat	0	0	0	0	0	0	0	1	0	1	0	0	0	0	0	0	0	0
042golbat	0	0	0	0	0	0	0	1	0	1	0	0	0	0	0	0	0	0
043oddish	0	0	0	0	1	0	0	1	0	0	0	0	0	0	0	0	0	0
044gloom	0	0	0	0	1	0	0	1	0	0	0	0	0	0	0	0	0	0
045vileplume	0	0	0	0	1	0	0	1	0	0	0	0	0	0	0	0	0	0
046paras	0	0	0	0	1	0	0	0	0	0	0	1	0	0	0	0	0	0
047parasect	0	0	0	0	1	0	0	0	0	0	0	1	0	0	0	0	0	0
048venonat	0	0	0	0	0	0	0	1	0	0	0	1	0	0	0	0	0	0
049venomoth	0	0	0	0	0	0	0	1	0	0	0	1	0	0	0	0	0	0
050diglett	0	0	0	0	0	0	0	0	1	0	0	0	0	0	0	0	0	0
051dugtrio	0	0	0	0	0	0	0	0	1	0	0	0	0	0	0	0	0	0
052meowth	1	0	0	0	0	0	0	0	0	0	0	0	0	0	0	0	0	0
053persian	1	0	0	0	0	0	0	0	0	0	0	0	0	0	0	0	0	0
054psyduck	0	0	1	0	0	0	0	0	0	0	0	0	0	0	0	0	0	0
055golduck	0	0	1	0	0	0	0	0	0	0	0	0	0	0	0	0	0	0
056mankey	0	0	0	0	0	0	1	0	0	0	0	0	0	0	0	0	0	0
057primeape	0	0	0	0	0	0	1	0	0	0	0	0	0	0	0	0	0	0
058growlithe	0	1	0	0	0	0	0	0	0	0	0	0	0	0	0	0	0	0
059arcanine	0	1	0	0	0	0	0	0	0	0	0	0	0	0	0	0	0	0
060poliwag	0	0	1	0	0	0	0	0	0	0	0	0	0	0	0	0	0	0
061poliwhirl	0	0	1	0	0	0	0	0	0	0	0	0	0	0	0	0	0	0
062poliwrath	0	0	1	0	0	0	1	0	0	0	0	0	0	0	0	0	0	0
063abra	0	0	0	0	0	0	0	0	0	0	1	0	0	0	0	0	0	0
064kadabra	0	0	0	0	0	0	0	0	0	0	1	0	0	0	0	0	0	0
065alakazam	0	0	0	0	0	0	0	0	0	0	1	0	0	0	0	0	0	0
066machop	0	0	0	0	0	0	1	0	0	0	0	0	0	0	0	0	0	0
067machoke	0	0	0	0	0	0	1	0	0	0	0	0	0	0	0	0	0	0
068machamp	0	0	0	0	0	0	1	0	0	0	0	0	0	0	0	0	0	0
069bellsprout	0	0	0	0	1	0	0	1	0	0	0	0	0	0	0	0	0	0
070weepinbell	0	0	0	0	1	0	0	1	0	0	0	0	0	0	0	0	0	0
071victreebel	0	0	0	0	1	0	0	1	0	0	0	0	0	0	0	0	0	0
072tentacool	0	0	1	0	0	0	0	1	0	0	0	0	0	0	0	0	0	0
073tentacruel	0	0	1	0	0	0	0	1	0	0	0	0	0	0	0	0	0	0
074geodude	0	0	0	0	0	0	0	0	1	0	0	0	1	0	0	0	0	0
075graveler	0	0	0	0	0	0	0	0	1	0	0	0	1	0	0	0	0	0
076golem	0	0	0	0	0	0	0	0	1	0	0	0	1	0	0	0	0	0
077ponyta	0	1	0	0	0	0	0	0	0	0	0	0	0	0	0	0	0	0
078rapidash	0	1	0	0	0	0	0	0	0	0	0	0	0	0	0	0	0	0
079slowpoke	0	0	1	0	0	0	0	0	0	0	1	0	0	0	0	0	0	0
080slowbro	0	0	1	0	0	0	0	0	0	0	1	0	0	0	0	0	0	0
081magnemite	0	0	0	1	0	0	0	0	0	0	0	0	0	0	0	1	0	0
082magneton	0	0	0	1	0	0	0	0	0	0	0	0	0	0	0	1	0	0
083farfetchd	1	0	0	0	0	0	0	0	0	1	0	0	0	0	0	0	0	0
084doduo	1	0	0	0	0	0	0	0	0	1	0	0	0	0	0	0	0	0
085dodrio	1	0	0	0	0	0	0	0	0	1	0	0	0	0	0	0	0	0
086seel	0	0	1	0	0	0	0	0	0	0	0	0	0	0	0	0	0	0
087dewgong	0	0	1	0	0	1	0	0	0	0	0	0	0	0	0	0	0	0
088grimer	0	0	0	0	0	0	0	1	0	0	0	0	0	0	0	0	0	0
089muk	0	0	0	0	0	0	0	1	0	0	0	0	0	0	0	0	0	0
090shellder	0	0	1	0	0	0	0	0	0	0	0	0	0	0	0	0	0	0
091cloyster	0	0	1	0	0	1	0	0	0	0	0	0	0	0	0	0	0	0
092gastly	0	0	0	0	0	0	0	1	0	0	0	0	0	1	0	0	0	0
093haunter	0	0	0	0	0	0	0	1	0	0	0	0	0	1	0	0	0	0
094gengar	0	0	0	0	0	0	0	1	0	0	0	0	0	1	0	0	0	0
095onix	0	0	0	0	0	0	0	0	1	0	0	0	1	0	0	0	0	0
096drowzee	0	0	0	0	0	0	0	0	0	0	1	0	0	0	0	0	0	0
097hypno	0	0	0	0	0	0	0	0	0	0	1	0	0	0	0	0	0	0
098krabby	0	0	1	0	0	0	0	0	0	0	0	0	0	0	0	0	0	0
099kingler	0	0	1	0	0	0	0	0	0	0	0	0	0	0	0	0	0	0
100voltorb	0	0	0	1	0	0	0	0	0	0	0	0	0	0	0	0	0	0
101electrode	0	0	0	1	0	0	0	0	0	0	0	0	0	0	0	0	0	0
102exeggcute	0	0	0	0	1	0	0	0	0	0	1	0	0	0	0	0	0	0
103exeggutor	0	0	0	0	1	0	0	0	0	0	1	0	0	0	0	0	0	0
104cubone	0	0	0	0	0	0	0	0	1	0	0	0	0	0	0	0	0	0
105marowak	0	0	0	0	0	0	0	0	1	0	0	0	0	0	0	0	0	0
106hitmonlee	0	0	0	0	0	0	1	0	0	0	0	0	0	0	0	0	0	0
107hitmonchan	0	0	0	0	0	0	1	0	0	0	0	0	0	0	0	0	0	0
108lickitung	1	0	0	0	0	0	0	0	0	0	0	0	0	0	0	0	0	0
109koffing	0	0	0	0	0	0	0	1	0	0	0	0	0	0	0	0	0	0
110weezing	0	0	0	0	0	0	0	1	0	0	0	0	0	0	0	0	0	0
111rhyhorn	0	0	0	0	0	0	0	0	1	0	0	0	1	0	0	0	0	0
112rhydon	0	0	0	0	0	0	0	0	1	0	0	0	1	0	0	0	0	0
113chansey	1	0	0	0	0	0	0	0	0	0	0	0	0	0	0	0	0	0
114tangela	0	0	0	0	1	0	0	0	0	0	0	0	0	0	0	0	0	0
115kangaskhan	1	0	0	0	0	0	0	0	0	0	0	0	0	0	0	0	0	0
116horsea	0	0	1	0	0	0	0	0	0	0	0	0	0	0	0	0	0	0
117seadra	0	0	1	0	0	0	0	0	0	0	0	0	0	0	0	0	0	0
118goldeen	0	0	1	0	0	0	0	0	0	0	0	0	0	0	0	0	0	0
119seaking	0	0	1	0	0	0	0	0	0	0	0	0	0	0	0	0	0	0
120staryu	0	0	1	0	0	0	0	0	0	0	0	0	0	0	0	0	0	0
121starmie	0	0	1	0	0	0	0	0	0	0	1	0	0	0	0	0	0	0
122mr-mime	0	0	0	0	0	0	0	0	0	0	1	0	0	0	0	0	1	0
123scyther	0	0	0	0	0	0	0	0	0	1	0	1	0	0	0	0	0	0
124jynx	0	0	0	0	0	1	0	0	0	0	1	0	0	0	0	0	0	0
125electabuzz	0	0	0	1	0	0	0	0	0	0	0	0	0	0	0	0	0	0
126magmar	0	1	0	0	0	0	0	0	0	0	0	0	0	0	0	0	0	0
127pinsir	0	0	0	0	0	0	0	0	0	0	0	1	0	0	0	0	0	0
128tauros	1	0	0	0	0	0	0	0	0	0	0	0	0	0	0	0	0	0
129magikarp	0	0	1	0	0	0	0	0	0	0	0	0	0	0	0	0	0	0
130gyarados	0	0	1	0	0	0	0	0	0	1	0	0	0	0	0	0	0	0
131lapras	0	0	1	0	0	1	0	0	0	0	0	0	0	0	0	0	0	0
132ditto	1	0	0	0	0	0	0	0	0	0	0	0	0	0	0	0	0	0
133eevee	1	0	0	0	0	0	0	0	0	0	0	0	0	0	0	0	0	0
134vaporeon	0	0	1	0	0	0	0	0	0	0	0	0	0	0	0	0	0	0
135jolteon	0	0	0	1	0	0	0	0	0	0	0	0	0	0	0	0	0	0
136flareon	0	1	0	0	0	0	0	0	0	0	0	0	0	0	0	0	0	0
137porygon	1	0	0	0	0	0	0	0	0	0	0	0	0	0	0	0	0	0
138omanyte	0	0	1	0	0	0	0	0	0	0	0	0	1	0	0	0	0	0
139omastar	0	0	1	0	0	0	0	0	0	0	0	0	1	0	0	0	0	0
140kabuto	0	0	1	0	0	0	0	0	0	0	0	0	1	0	0	0	0	0
141kabutops	0	0	1	0	0	0	0	0	0	0	0	0	1	0	0	0	0	0
142aerodactyl	0	0	0	0	0	0	0	0	0	1	0	0	1	0	0	0	0	0
143snorlax	1	0	0	0	0	0	0	0	0	0	0	0	0	0	0	0	0	0
144articuno	0	0	0	0	0	1	0	0	0	1	0	0	0	0	0	0	0	0
145zapdos	0	0	0	1	0	0	0	0	0	1	0	0	0	0	0	0	0	0
146moltres	0	1	0	0	0	0	0	0	0	1	0	0	0	0	0	0	0	0
147dratini	0	0	0	0	0	0	0	0	0	0	0	0	0	0	0	0	0	1
148dragonair	0	0	0	0	0	0	0	0	0	0	0	0	0	0	0	0	0	1
149dragonite	0	0	0	0	0	0	0	0	0	1	0	0	0	0	0	0	0	1
150mewtwo	0	0	0	0	0	0	0	0	0	0	1	0	0	0	0	0	0	0
151mew	0	0	0	0	0	0	0	0	0	0	1	0	0	0	0	0	0	0
152chikorita	0	0	0	0	1	0	0	0	0	0	0	0	0	0	0	0	0	0
153bayleef	0	0	0	0	1	0	0	0	0	0	0	0	0	0	0	0	0	0
154meganium	0	0	0	0	1	0	0	0	0	0	0	0	0	0	0	0	0	0
155cyndaquil	0	1	0	0	0	0	0	0	0	0	0	0	0	0	0	0	0	0
156quilava	0	1	0	0	0	0	0	0	0	0	0	0	0	0	0	0	0	0
157typhlosion	0	1	0	0	0	0	0	0	0	0	0	0	0	0	0	0	0	0
158totodile	0	0	1	0	0	0	0	0	0	0	0	0	0	0	0	0	0	0
159croconaw	0	0	1	0	0	0	0	0	0	0	0	0	0	0	0	0	0	0
160feraligatr	0	0	1	0	0	0	0	0	0	0	0	0	0	0	0	0	0	0
161sentret	1	0	0	0	0	0	0	0	0	0	0	0	0	0	0	0	0	0
162furret	1	0	0	0	0	0	0	0	0	0	0	0	0	0	0	0	0	0
163hoothoot	1	0	0	0	0	0	0	0	0	1	0	0	0	0	0	0	0	0
164noctowl	1	0	0	0	0	0	0	0	0	1	0	0	0	0	0	0	0	0
165ledyba	0	0	0	0	0	0	0	0	0	1	0	1	0	0	0	0	0	0
166ledian	0	0	0	0	0	0	0	0	0	1	0	1	0	0	0	0	0	0
167spinarak	0	0	0	0	0	0	0	1	0	0	0	1	0	0	0	0	0	0
168ariados	0	0	0	0	0	0	0	1	0	0	0	1	0	0	0	0	0	0
169crobat	0	0	0	0	0	0	0	1	0	1	0	0	0	0	0	0	0	0
170chinchou	0	0	1	1	0	0	0	0	0	0	0	0	0	0	0	0	0	0
171lanturn	0	0	1	1	0	0	0	0	0	0	0	0	0	0	0	0	0	0
172pichu	0	0	0	1	0	0	0	0	0	0	0	0	0	0	0	0	0	0
173cleffa	0	0	0	0	0	0	0	0	0	0	0	0	0	0	0	0	1	0
174igglybuff	1	0	0	0	0	0	0	0	0	0	0	0	0	0	0	0	1	0
175togepi	0	0	0	0	0	0	0	0	0	0	0	0	0	0	0	0	1	0
176togetic	0	0	0	0	0	0	0	0	0	1	0	0	0	0	0	0	1	0
177natu	0	0	0	0	0	0	0	0	0	1	1	0	0	0	0	0	0	0
178xatu	0	0	0	0	0	0	0	0	0	1	1	0	0	0	0	0	0	0
179mareep	0	0	0	1	0	0	0	0	0	0	0	0	0	0	0	0	0	0
180flaaffy	0	0	0	1	0	0	0	0	0	0	0	0	0	0	0	0	0	0
181ampharos	0	0	0	1	0	0	0	0	0	0	0	0	0	0	0	0	0	0
182bellossom	0	0	0	0	1	0	0	0	0	0	0	0	0	0	0	0	0	0
183marill	0	0	1	0	0	0	0	0	0	0	0	0	0	0	0	0	1	0
184azumarill	0	0	1	0	0	0	0	0	0	0	0	0	0	0	0	0	1	0
185sudowoodo	0	0	0	0	0	0	0	0	0	0	0	0	1	0	0	0	0	0
186politoed	0	0	1	0	0	0	0	0	0	0	0	0	0	0	0	0	0	0
187hoppip	0	0	0	0	1	0	0	0	0	1	0	0	0	0	0	0	0	0
188skiploom	0	0	0	0	1	0	0	0	0	1	0	0	0	0	0	0	0	0
189jumpluff	0	0	0	0	1	0	0	0	0	1	0	0	0	0	0	0	0	0
190aipom	1	0	0	0	0	0	0	0	0	0	0	0	0	0	0	0	0	0
191sunkern	0	0	0	0	1	0	0	0	0	0	0	0	0	0	0	0	0	0
192sunflora	0	0	0	0	1	0	0	0	0	0	0	0	0	0	0	0	0	0
193yanma	0	0	0	0	0	0	0	0	0	1	0	1	0	0	0	0	0	0
194wooper	0	0	1	0	0	0	0	0	1	0	0	0	0	0	0	0	0	0
195quagsire	0	0	1	0	0	0	0	0	1	0	0	0	0	0	0	0	0	0
196espeon	0	0	0	0	0	0	0	0	0	0	1	0	0	0	0	0	0	0
197umbreon	0	0	0	0	0	0	0	0	0	0	0	0	0	0	1	0	0	0
198murkrow	0	0	0	0	0	0	0	0	0	1	0	0	0	0	1	0	0	0
199slowking	0	0	1	0	0	0	0	0	0	0	1	0	0	0	0	0	0	0
200misdreavus	0	0	0	0	0	0	0	0	0	0	0	0	0	1	0	0	0	0
201unown	0	0	0	0	0	0	0	0	0	0	1	0	0	0	0	0	0	0
202wobbuffet	0	0	0	0	0	0	0	0	0	0	1	0	0	0	0	0	0	0
203girafarig	1	0	0	0	0	0	0	0	0	0	1	0	0	0	0	0	0	0
204pineco	0	0	0	0	0	0	0	0	0	0	0	1	0	0	0	0	0	0
205forretress	0	0	0	0	0	0	0	0	0	0	0	1	0	0	0	1	0	0
206dunsparce	1	0	0	0	0	0	0	0	0	0	0	0	0	0	0	0	0	0
207gligar	0	0	0	0	0	0	0	0	1	1	0	0	0	0	0	0	0	0
208steelix	0	0	0	0	0	0	0	0	1	0	0	0	0	0	0	1	0	0
209snubbull	0	0	0	0	0	0	0	0	0	0	0	0	0	0	0	0	1	0
210granbull	0	0	0	0	0	0	0	0	0	0	0	0	0	0	0	0	1	0
211qwilfish	0	0	1	0	0	0	0	1	0	0	0	0	0	0	0	0	0	0
212scizor	0	0	0	0	0	0	0	0	0	0	0	1	0	0	0	1	0	0
213shuckle	0	0	0	0	0	0	0	0	0	0	0	1	1	0	0	0	0	0
214heracross	0	0	0	0	0	0	1	0	0	0	0	1	0	0	0	0	0	0
215sneasel	0	0	0	0	0	1	0	0	0	0	0	0	0	0	1	0	0	0
216teddiursa	1	0	0	0	0	0	0	0	0	0	0	0	0	0	0	0	0	0
217ursaring	1	0	0	0	0	0	0	0	0	0	0	0	0	0	0	0	0	0
218slugma	0	1	0	0	0	0	0	0	0	0	0	0	0	0	0	0	0	0
219magcargo	0	1	0	0	0	0	0	0	0	0	0	0	1	0	0	0	0	0
220swinub	0	0	0	0	0	1	0	0	1	0	0	0	0	0	0	0	0	0
221piloswine	0	0	0	0	0	1	0	0	1	0	0	0	0	0	0	0	0	0
222corsola	0	0	1	0	0	0	0	0	0	0	0	0	1	0	0	0	0	0
223remoraid	0	0	1	0	0	0	0	0	0	0	0	0	0	0	0	0	0	0
224octillery	0	0	1	0	0	0	0	0	0	0	0	0	0	0	0	0	0	0
225delibird	0	0	0	0	0	1	0	0	0	1	0	0	0	0	0	0	0	0
226mantine	0	0	1	0	0	0	0	0	0	1	0	0	0	0	0	0	0	0
227skarmory	0	0	0	0	0	0	0	0	0	1	0	0	0	0	0	1	0	0
228houndour	0	1	0	0	0	0	0	0	0	0	0	0	0	0	1	0	0	0
229houndoom	0	1	0	0	0	0	0	0	0	0	0	0	0	0	1	0	0	0
230kingdra	0	0	1	0	0	0	0	0	0	0	0	0	0	0	0	0	0	1
231phanpy	0	0	0	0	0	0	0	0	1	0	0	0	0	0	0	0	0	0
232donphan	0	0	0	0	0	0	0	0	1	0	0	0	0	0	0	0	0	0
233porygon2	1	0	0	0	0	0	0	0	0	0	0	0	0	0	0	0	0	0
234stantler	1	0	0	0	0	0	0	0	0	0	0	0	0	0	0	0	0	0
235smeargle	1	0	0	0	0	0	0	0	0	0	0	0	0	0	0	0	0	0
236tyrogue	0	0	0	0	0	0	1	0	0	0	0	0	0	0	0	0	0	0
237hitmontop	0	0	0	0	0	0	1	0	0	0	0	0	0	0	0	0	0	0
238smoochum	0	0	0	0	0	1	0	0	0	0	1	0	0	0	0	0	0	0
239elekid	0	0	0	1	0	0	0	0	0	0	0	0	0	0	0	0	0	0
240magby	0	1	0	0	0	0	0	0	0	0	0	0	0	0	0	0	0	0
241miltank	1	0	0	0	0	0	0	0	0	0	0	0	0	0	0	0	0	0
242blissey	1	0	0	0	0	0	0	0	0	0	0	0	0	0	0	0	0	0
243raikou	0	0	0	1	0	0	0	0	0	0	0	0	0	0	0	0	0	0
244entei	0	1	0	0	0	0	0	0	0	0	0	0	0	0	0	0	0	0
245suicune	0	0	1	0	0	0	0	0	0	0	0	0	0	0	0	0	0	0
246larvitar	0	0	0	0	0	0	0	0	1	0	0	0	1	0	0	0	0	0
247pupitar	0	0	0	0	0	0	0	0	1	0	0	0	1	0	0	0	0	0
248tyranitar	0	0	0	0	0	0	0	0	0	0	0	0	1	0	1	0	0	0
249lugia	0	0	0	0	0	0	0	0	0	1	1	0	0	0	0	0	0	0
250ho-oh	0	1	0	0	0	0	0	0	0	1	0	0	0	0	0	0	0	0
251celebi	0	0	0	0	1	0	0	0	0	0	1	0	0	0	0	0	0	0
252treecko	0	0	0	0	1	0	0	0	0	0	0	0	0	0	0	0	0	0
253grovyle	0	0	0	0	1	0	0	0	0	0	0	0	0	0	0	0	0	0
254sceptile	0	0	0	0	1	0	0	0	0	0	0	0	0	0	0	0	0	0
255torchic	0	1	0	0	0	0	0	0	0	0	0	0	0	0	0	0	0	0
256combusken	0	1	0	0	0	0	1	0	0	0	0	0	0	0	0	0	0	0
257blaziken	0	1	0	0	0	0	1	0	0	0	0	0	0	0	0	0	0	0
258mudkip	0	0	1	0	0	0	0	0	0	0	0	0	0	0	0	0	0	0
259marshtomp	0	0	1	0	0	0	0	0	1	0	0	0	0	0	0	0	0	0
260swampert	0	0	1	0	0	0	0	0	1	0	0	0	0	0	0	0	0	0
261poochyena	0	0	0	0	0	0	0	0	0	0	0	0	0	0	1	0	0	0
262mightyena	0	0	0	0	0	0	0	0	0	0	0	0	0	0	1	0	0	0
263zigzagoon	1	0	0	0	0	0	0	0	0	0	0	0	0	0	0	0	0	0
264linoone	1	0	0	0	0	0	0	0	0	0	0	0	0	0	0	0	0	0
265wurmple	0	0	0	0	0	0	0	0	0	0	0	1	0	0	0	0	0	0
266silcoon	0	0	0	0	0	0	0	0	0	0	0	1	0	0	0	0	0	0
267beautifly	0	0	0	0	0	0	0	0	0	1	0	1	0	0	0	0	0	0
268cascoon	0	0	0	0	0	0	0	0	0	0	0	1	0	0	0	0	0	0
269dustox	0	0	0	0	0	0	0	1	0	0	0	1	0	0	0	0	0	0
270lotad	0	0	1	0	1	0	0	0	0	0	0	0	0	0	0	0	0	0
271lombre	0	0	1	0	1	0	0	0	0	0	0	0	0	0	0	0	0	0
272ludicolo	0	0	1	0	1	0	0	0	0	0	0	0	0	0	0	0	0	0
273seedot	0	0	0	0	1	0	0	0	0	0	0	0	0	0	0	0	0	0
274nuzleaf	0	0	0	0	1	0	0	0	0	0	0	0	0	0	1	0	0	0
275shiftry	0	0	0	0	1	0	0	0	0	0	0	0	0	0	1	0	0	0
276taillow	1	0	0	0	0	0	0	0	0	1	0	0	0	0	0	0	0	0
277swellow	1	0	0	0	0	0	0	0	0	1	0	0	0	0	0	0	0	0
278wingull	0	0	1	0	0	0	0	0	0	1	0	0	0	0	0	0	0	0
279pelipper	0	0	1	0	0	0	0	0	0	1	0	0	0	0	0	0	0	0
280ralts	0	0	0	0	0	0	0	0	0	0	1	0	0	0	0	0	1	0
281kirlia	0	0	0	0	0	0	0	0	0	0	1	0	0	0	0	0	1	0
282gardevoir	0	0	0	0	0	0	0	0	0	0	1	0	0	0	0	0	1	0
283surskit	0	0	1	0	0	0	0	0	0	0	0	1	0	0	0	0	0	0
284masquerain	0	0	0	0	0	0	0	0	0	1	0	1	0	0	0	0	0	0
285shroomish	0	0	0	0	1	0	0	0	0	0	0	0	0	0	0	0	0	0
286breloom	0	0	0	0	1	0	1	0	0	0	0	0	0	0	0	0	0	0
287slakoth	1	0	0	0	0	0	0	0	0	0	0	0	0	0	0	0	0	0
288vigoroth	1	0	0	0	0	0	0	0	0	0	0	0	0	0	0	0	0	0
289slaking	1	0	0	0	0	0	0	0	0	0	0	0	0	0	0	0	0	0
290nincada	0	0	0	0	0	0	0	0	1	0	0	1	0	0	0	0	0	0
291ninjask	0	0	0	0	0	0	0	0	0	1	0	1	0	0	0	0	0	0
292shedinja	0	0	0	0	0	0	0	0	0	0	0	1	0	1	0	0	0	0
293whismur	1	0	0	0	0	0	0	0	0	0	0	0	0	0	0	0	0	0
294loudred	1	0	0	0	0	0	0	0	0	0	0	0	0	0	0	0	0	0
295exploud	1	0	0	0	0	0	0	0	0	0	0	0	0	0	0	0	0	0
296makuhita	0	0	0	0	0	0	1	0	0	0	0	0	0	0	0	0	0	0
297hariyama	0	0	0	0	0	0	1	0	0	0	0	0	0	0	0	0	0	0
298azurill	1	0	0	0	0	0	0	0	0	0	0	0	0	0	0	0	1	0
299nosepass	0	0	0	0	0	0	0	0	0	0	0	0	1	0	0	0	0	0
300skitty	1	0	0	0	0	0	0	0	0	0	0	0	0	0	0	0	0	0
301delcatty	1	0	0	0	0	0	0	0	0	0	0	0	0	0	0	0	0	0
302sableye	0	0	0	0	0	0	0	0	0	0	0	0	0	1	1	0	0	0
303mawile	0	0	0	0	0	0	0	0	0	0	0	0	0	0	0	1	1	0
304aron	0	0	0	0	0	0	0	0	0	0	0	0	1	0	0	1	0	0
305lairon	0	0	0	0	0	0	0	0	0	0	0	0	1	0	0	1	0	0
306aggron	0	0	0	0	0	0	0	0	0	0	0	0	1	0	0	1	0	0
307meditite	0	0	0	0	0	0	1	0	0	0	1	0	0	0	0	0	0	0
308medicham	0	0	0	0	0	0	1	0	0	0	1	0	0	0	0	0	0	0
309electrike	0	0	0	1	0	0	0	0	0	0	0	0	0	0	0	0	0	0
310manectric	0	0	0	1	0	0	0	0	0	0	0	0	0	0	0	0	0	0
311plusle	0	0	0	1	0	0	0	0	0	0	0	0	0	0	0	0	0	0
312minun	0	0	0	1	0	0	0	0	0	0	0	0	0	0	0	0	0	0
313volbeat	0	0	0	0	0	0	0	0	0	0	0	1	0	0	0	0	0	0
314illumise	0	0	0	0	0	0	0	0	0	0	0	1	0	0	0	0	0	0
315roselia	0	0	0	0	1	0	0	1	0	0	0	0	0	0	0	0	0	0
316gulpin	0	0	0	0	0	0	0	1	0	0	0	0	0	0	0	0	0	0
317swalot	0	0	0	0	0	0	0	1	0	0	0	0	0	0	0	0	0	0
318carvanha	0	0	1	0	0	0	0	0	0	0	0	0	0	0	1	0	0	0
319sharpedo	0	0	1	0	0	0	0	0	0	0	0	0	0	0	1	0	0	0
320wailmer	0	0	1	0	0	0	0	0	0	0	0	0	0	0	0	0	0	0
321wailord	0	0	1	0	0	0	0	0	0	0	0	0	0	0	0	0	0	0
322numel	0	1	0	0	0	0	0	0	1	0	0	0	0	0	0	0	0	0
323camerupt	0	1	0	0	0	0	0	0	1	0	0	0	0	0	0	0	0	0
324torkoal	0	1	0	0	0	0	0	0	0	0	0	0	0	0	0	0	0	0
325spoink	0	0	0	0	0	0	0	0	0	0	1	0	0	0	0	0	0	0
326grumpig	0	0	0	0	0	0	0	0	0	0	1	0	0	0	0	0	0	0
327spinda	1	0	0	0	0	0	0	0	0	0	0	0	0	0	0	0	0	0
328trapinch	0	0	0	0	0	0	0	0	1	0	0	0	0	0	0	0	0	0
329vibrava	0	0	0	0	0	0	0	0	1	0	0	0	0	0	0	0	0	1
330flygon	0	0	0	0	0	0	0	0	1	0	0	0	0	0	0	0	0	1
331cacnea	0	0	0	0	1	0	0	0	0	0	0	0	0	0	0	0	0	0
332cacturne	0	0	0	0	1	0	0	0	0	0	0	0	0	0	1	0	0	0
333swablu	1	0	0	0	0	0	0	0	0	1	0	0	0	0	0	0	0	0
334altaria	0	0	0	0	0	0	0	0	0	1	0	0	0	0	0	0	0	1
335zangoose	1	0	0	0	0	0	0	0	0	0	0	0	0	0	0	0	0	0
336seviper	0	0	0	0	0	0	0	1	0	0	0	0	0	0	0	0	0	0
337lunatone	0	0	0	0	0	0	0	0	0	0	1	0	1	0	0	0	0	0
338solrock	0	0	0	0	0	0	0	0	0	0	1	0	1	0	0	0	0	0
339barboach	0	0	1	0	0	0	0	0	1	0	0	0	0	0	0	0	0	0
340whiscash	0	0	1	0	0	0	0	0	1	0	0	0	0	0	0	0	0	0
341corphish	0	0	1	0	0	0	0	0	0	0	0	0	0	0	0	0	0	0
342crawdaunt	0	0	1	0	0	0	0	0	0	0	0	0	0	0	1	0	0	0
343baltoy	0	0	0	0	0	0	0	0	1	0	1	0	0	0	0	0	0	0
344claydol	0	0	0	0	0	0	0	0	1	0	1	0	0	0	0	0	0	0
345lileep	0	0	0	0	1	0	0	0	0	0	0	0	1	0	0	0	0	0
346cradily	0	0	0	0	1	0	0	0	0	0	0	0	1	0	0	0	0	0
347anorith	0	0	0	0	0	0	0	0	0	0	0	1	1	0	0	0	0	0
348armaldo	0	0	0	0	0	0	0	0	0	0	0	1	1	0	0	0	0	0
349feebas	0	0	1	0	0	0	0	0	0	0	0	0	0	0	0	0	0	0
350milotic	0	0	1	0	0	0	0	0	0	0	0	0	0	0	0	0	0	0
351castform	1	0	0	0	0	0	0	0	0	0	0	0	0	0	0	0	0	0
352kecleon	1	0	0	0	0	0	0	0	0	0	0	0	0	0	0	0	0	0
353shuppet	0	0	0	0	0	0	0	0	0	0	0	0	0	1	0	0	0	0
354banette	0	0	0	0	0	0	0	0	0	0	0	0	0	1	0	0	0	0
355duskull	0	0	0	0	0	0	0	0	0	0	0	0	0	1	0	0	0	0
356dusclops	0	0	0	0	0	0	0	0	0	0	0	0	0	1	0	0	0	0
357tropius	0	0	0	0	1	0	0	0	0	1	0	0	0	0	0	0	0	0
358chimecho	0	0	0	0	0	0	0	0	0	0	1	0	0	0	0	0	0	0
359absol	0	0	0	0	0	0	0	0	0	0	0	0	0	0	1	0	0	0
360wynaut	0	0	0	0	0	0	0	0	0	0	1	0	0	0	0	0	0	0
361snorunt	0	0	0	0	0	1	0	0	0	0	0	0	0	0	0	0	0	0
362glalie	0	0	0	0	0	1	0	0	0	0	0	0	0	0	0	0	0	0
363spheal	0	0	1	0	0	1	0	0	0	0	0	0	0	0	0	0	0	0
364sealeo	0	0	1	0	0	1	0	0	0	0	0	0	0	0	0	0	0	0
365walrein	0	0	1	0	0	1	0	0	0	0	0	0	0	0	0	0	0	0
366clamperl	0	0	1	0	0	0	0	0	0	0	0	0	0	0	0	0	0	0
367huntail	0	0	1	0	0	0	0	0	0	0	0	0	0	0	0	0	0	0
368gorebyss	0	0	1	0	0	0	0	0	0	0	0	0	0	0	0	0	0	0
369relicanth	0	0	1	0	0	0	0	0	0	0	0	0	1	0	0	0	0	0
370luvdisc	0	0	1	0	0	0	0	0	0	0	0	0	0	0	0	0	0	0
371bagon	0	0	0	0	0	0	0	0	0	0	0	0	0	0	0	0	0	1
372shelgon	0	0	0	0	0	0	0	0	0	0	0	0	0	0	0	0	0	1
373salamence	0	0	0	0	0	0	0	0	0	1	0	0	0	0	0	0	0	1
374beldum	0	0	0	0	0	0	0	0	0	0	1	0	0	0	0	1	0	0
375metang	0	0	0	0	0	0	0	0	0	0	1	0	0	0	0	1	0	0
376metagross	0	0	0	0	0	0	0	0	0	0	1	0	0	0	0	1	0	0
377regirock	0	0	0	0	0	0	0	0	0	0	0	0	1	0	0	0	0	0
378regice	0	0	0	0	0	1	0	0	0	0	0	0	0	0	0	0	0	0
379registeel	0	0	0	0	0	0	0	0	0	0	0	0	0	0	0	1	0	0
380latias	0	0	0	0	0	0	0	0	0	0	1	0	0	0	0	0	0	1
381latios	0	0	0	0	0	0	0	0	0	0	1	0	0	0	0	0	0	1
382kyogre	0	0	1	0	0	0	0	0	0	0	0	0	0	0	0	0	0	0
383groudon	0	0	0	0	0	0	0	0	1	0	0	0	0	0	0	0	0	0
384rayquaza	0	0	0	0	0	0	0	0	0	1	0	0	0	0	0	0	0	1
385jirachi	0	0	0	0	0	0	0	0	0	0	1	0	0	0	0	1	0	0
386deoxys-normal	0	0	0	0	0	0	0	0	0	0	1	0	0	0	0	0	0	0
387turtwig	0	0	0	0	1	0	0	0	0	0	0	0	0	0	0	0	0	0
388grotle	0	0	0	0	1	0	0	0	0	0	0	0	0	0	0	0	0	0
389torterra	0	0	0	0	1	0	0	0	1	0	0	0	0	0	0	0	0	0
390chimchar	0	1	0	0	0	0	0	0	0	0	0	0	0	0	0	0	0	0
391monferno	0	1	0	0	0	0	1	0	0	0	0	0	0	0	0	0	0	0
392infernape	0	1	0	0	0	0	1	0	0	0	0	0	0	0	0	0	0	0
393piplup	0	0	1	0	0	0	0	0	0	0	0	0	0	0	0	0	0	0
394prinplup	0	0	1	0	0	0	0	0	0	0	0	0	0	0	0	0	0	0
395empoleon	0	0	1	0	0	0	0	0	0	0	0	0	0	0	0	1	0	0
396starly	1	0	0	0	0	0	0	0	0	1	0	0	0	0	0	0	0	0
397staravia	1	0	0	0	0	0	0	0	0	1	0	0	0	0	0	0	0	0
398staraptor	1	0	0	0	0	0	0	0	0	1	0	0	0	0	0	0	0	0
399bidoof	1	0	0	0	0	0	0	0	0	0	0	0	0	0	0	0	0	0
400bibarel	1	0	1	0	0	0	0	0	0	0	0	0	0	0	0	0	0	0
401kricketot	0	0	0	0	0	0	0	0	0	0	0	1	0	0	0	0	0	0
402kricketune	0	0	0	0	0	0	0	0	0	0	0	1	0	0	0	0	0	0
403shinx	0	0	0	1	0	0	0	0	0	0	0	0	0	0	0	0	0	0
404luxio	0	0	0	1	0	0	0	0	0	0	0	0	0	0	0	0	0	0
405luxray	0	0	0	1	0	0	0	0	0	0	0	0	0	0	0	0	0	0
406budew	0	0	0	0	1	0	0	1	0	0	0	0	0	0	0	0	0	0
407roserade	0	0	0	0	1	0	0	1	0	0	0	0	0	0	0	0	0	0
408cranidos	0	0	0	0	0	0	0	0	0	0	0	0	1	0	0	0	0	0
409rampardos	0	0	0	0	0	0	0	0	0	0	0	0	1	0	0	0	0	0
410shieldon	0	0	0	0	0	0	0	0	0	0	0	0	1	0	0	1	0	0
411bastiodon	0	0	0	0	0	0	0	0	0	0	0	0	1	0	0	1	0	0
412burmy	0	0	0	0	0	0	0	0	0	0	0	1	0	0	0	0	0	0
413wormadam-plant	0	0	0	0	1	0	0	0	0	0	0	1	0	0	0	0	0	0
414mothim	0	0	0	0	0	0	0	0	0	1	0	1	0	0	0	0	0	0
415combee	0	0	0	0	0	0	0	0	0	1	0	1	0	0	0	0	0	0
416vespiquen	0	0	0	0	0	0	0	0	0	1	0	1	0	0	0	0	0	0
417pachirisu	0	0	0	1	0	0	0	0	0	0	0	0	0	0	0	0	0	0
418buizel	0	0	1	0	0	0	0	0	0	0	0	0	0	0	0	0	0	0
419floatzel	0	0	1	0	0	0	0	0	0	0	0	0	0	0	0	0	0	0
420cherubi	0	0	0	0	1	0	0	0	0	0	0	0	0	0	0	0	0	0
421cherrim	0	0	0	0	1	0	0	0	0	0	0	0	0	0	0	0	0	0
422shellos	0	0	1	0	0	0	0	0	0	0	0	0	0	0	0	0	0	0
423gastrodon	0	0	1	0	0	0	0	0	1	0	0	0	0	0	0	0	0	0
424ambipom	1	0	0	0	0	0	0	0	0	0	0	0	0	0	0	0	0	0
425drifloon	0	0	0	0	0	0	0	0	0	1	0	0	0	1	0	0	0	0
426drifblim	0	0	0	0	0	0	0	0	0	1	0	0	0	1	0	0	0	0
427buneary	1	0	0	0	0	0	0	0	0	0	0	0	0	0	0	0	0	0
428lopunny	1	0	0	0	0	0	0	0	0	0	0	0	0	0	0	0	0	0
429mismagius	0	0	0	0	0	0	0	0	0	0	0	0	0	1	0	0	0	0
430honchkrow	0	0	0	0	0	0	0	0	0	1	0	0	0	0	1	0	0	0
431glameow	1	0	0	0	0	0	0	0	0	0	0	0	0	0	0	0	0	0
432purugly	1	0	0	0	0	0	0	0	0	0	0	0	0	0	0	0	0	0
433chingling	0	0	0	0	0	0	0	0	0	0	1	0	0	0	0	0	0	0
434stunky	0	0	0	0	0	0	0	1	0	0	0	0	0	0	1	0	0	0
435skuntank	0	0	0	0	0	0	0	1	0	0	0	0	0	0	1	0	0	0
436bronzor	0	0	0	0	0	0	0	0	0	0	1	0	0	0	0	1	0	0
437bronzong	0	0	0	0	0	0	0	0	0	0	1	0	0	0	0	1	0	0
438bonsly	0	0	0	0	0	0	0	0	0	0	0	0	1	0	0	0	0	0
439mime-jr	0	0	0	0	0	0	0	0	0	0	1	0	0	0	0	0	1	0
440happiny	1	0	0	0	0	0	0	0	0	0	0	0	0	0	0	0	0	0
441chatot	1	0	0	0	0	0	0	0	0	1	0	0	0	0	0	0	0	0
442spiritomb	0	0	0	0	0	0	0	0	0	0	0	0	0	1	1	0	0	0
443gible	0	0	0	0	0	0	0	0	1	0	0	0	0	0	0	0	0	1
444gabite	0	0	0	0	0	0	0	0	1	0	0	0	0	0	0	0	0	1
445garchomp	0	0	0	0	0	0	0	0	1	0	0	0	0	0	0	0	0	1
446munchlax	1	0	0	0	0	0	0	0	0	0	0	0	0	0	0	0	0	0
447riolu	0	0	0	0	0	0	1	0	0	0	0	0	0	0	0	0	0	0
448lucario	0	0	0	0	0	0	1	0	0	0	0	0	0	0	0	1	0	0
449hippopotas	0	0	0	0	0	0	0	0	1	0	0	0	0	0	0	0	0	0
450hippowdon	0	0	0	0	0	0	0	0	1	0	0	0	0	0	0	0	0	0
451skorupi	0	0	0	0	0	0	0	1	0	0	0	1	0	0	0	0	0	0
452drapion	0	0	0	0	0	0	0	1	0	0	0	0	0	0	1	0	0	0
453croagunk	0	0	0	0	0	0	1	1	0	0	0	0	0	0	0	0	0	0
454toxicroak	0	0	0	0	0	0	1	1	0	0	0	0	0	0	0	0	0	0
455carnivine	0	0	0	0	1	0	0	0	0	0	0	0	0	0	0	0	0	0
456finneon	0	0	1	0	0	0	0	0	0	0	0	0	0	0	0	0	0	0
457lumineon	0	0	1	0	0	0	0	0	0	0	0	0	0	0	0	0	0	0
458mantyke	0	0	1	0	0	0	0	0	0	1	0	0	0	0	0	0	0	0
459snover	0	0	0	0	1	1	0	0	0	0	0	0	0	0	0	0	0	0
460abomasnow	0	0	0	0	1	1	0	0	0	0	0	0	0	0	0	0	0	0
461weavile	0	0	0	0	0	1	0	0	0	0	0	0	0	0	1	0	0	0
462magnezone	0	0	0	1	0	0	0	0	0	0	0	0	0	0	0	1	0	0
463lickilicky	1	0	0	0	0	0	0	0	0	0	0	0	0	0	0	0	0	0
464rhyperior	0	0	0	0	0	0	0	0	1	0	0	0	1	0	0	0	0	0
465tangrowth	0	0	0	0	1	0	0	0	0	0	0	0	0	0	0	0	0	0
466electivire	0	0	0	1	0	0	0	0	0	0	0	0	0	0	0	0	0	0
467magmortar	0	1	0	0	0	0	0	0	0	0	0	0	0	0	0	0	0	0
468togekiss	0	0	0	0	0	0	0	0	0	1	0	0	0	0	0	0	1	0
469yanmega	0	0	0	0	0	0	0	0	0	1	0	1	0	0	0	0	0	0
470leafeon	0	0	0	0	1	0	0	0	0	0	0	0	0	0	0	0	0	0
471glaceon	0	0	0	0	0	1	0	0	0	0	0	0	0	0	0	0	0	0
472gliscor	0	0	0	0	0	0	0	0	1	1	0	0	0	0	0	0	0	0
473mamoswine	0	0	0	0	0	1	0	0	1	0	0	0	0	0	0	0	0	0
474porygon-z	1	0	0	0	0	0	0	0	0	0	0	0	0	0	0	0	0	0
475gallade	0	0	0	0	0	0	1	0	0	0	1	0	0	0	0	0	0	0
476probopass	0	0	0	0	0	0	0	0	0	0	0	0	1	0	0	1	0	0
477dusknoir	0	0	0	0	0	0	0	0	0	0	0	0	0	1	0	0	0	0
478froslass	0	0	0	0	0	1	0	0	0	0	0	0	0	1	0	0	0	0
479rotom	0	0	0	1	0	0	0	0	0	0	0	0	0	1	0	0	0	0
480uxie	0	0	0	0	0	0	0	0	0	0	1	0	0	0	0	0	0	0
481mesprit	0	0	0	0	0	0	0	0	0	0	1	0	0	0	0	0	0	0
482azelf	0	0	0	0	0	0	0	0	0	0	1	0	0	0	0	0	0	0
483dialga	0	0	0	0	0	0	0	0	0	0	0	0	0	0	0	1	0	1
484palkia	0	0	1	0	0	0	0	0	0	0	0	0	0	0	0	0	0	1
485heatran	0	1	0	0	0	0	0	0	0	0	0	0	0	0	0	1	0	0
486regigigas	1	0	0	0	0	0	0	0	0	0	0	0	0	0	0	0	0	0
487giratina-altered	0	0	0	0	0	0	0	0	0	0	0	0	0	1	0	0	0	1
488cresselia	0	0	0	0	0	0	0	0	0	0	1	0	0	0	0	0	0	0
489phione	0	0	1	0	0	0	0	0	0	0	0	0	0	0	0	0	0	0
490manaphy	0	0	1	0	0	0	0	0	0	0	0	0	0	0	0	0	0	0
491darkrai	0	0	0	0	0	0	0	0	0	0	0	0	0	0	1	0	0	0
492shaymin-land	0	0	0	0	1	0	0	0	0	0	0	0	0	0	0	0	0	0
493arceus	1	0	0	0	0	0	0	0	0	0	0	0	0	0	0	0	0	0
494victini	0	1	0	0	0	0	0	0	0	0	1	0	0	0	0	0	0	0
495snivy	0	0	0	0	1	0	0	0	0	0	0	0	0	0	0	0	0	0
496servine	0	0	0	0	1	0	0	0	0	0	0	0	0	0	0	0	0	0
497serperior	0	0	0	0	1	0	0	0	0	0	0	0	0	0	0	0	0	0
498tepig	0	1	0	0	0	0	0	0	0	0	0	0	0	0	0	0	0	0
499pignite	0	1	0	0	0	0	1	0	0	0	0	0	0	0	0	0	0	0
500emboar	0	1	0	0	0	0	1	0	0	0	0	0	0	0	0	0	0	0
501oshawott	0	0	1	0	0	0	0	0	0	0	0	0	0	0	0	0	0	0
502dewott	0	0	1	0	0	0	0	0	0	0	0	0	0	0	0	0	0	0
503samurott	0	0	1	0	0	0	0	0	0	0	0	0	0	0	0	0	0	0
504patrat	1	0	0	0	0	0	0	0	0	0	0	0	0	0	0	0	0	0
505watchog	1	0	0	0	0	0	0	0	0	0	0	0	0	0	0	0	0	0
506lillipup	1	0	0	0	0	0	0	0	0	0	0	0	0	0	0	0	0	0
507herdier	1	0	0	0	0	0	0	0	0	0	0	0	0	0	0	0	0	0
508stoutland	1	0	0	0	0	0	0	0	0	0	0	0	0	0	0	0	0	0
509purrloin	0	0	0	0	0	0	0	0	0	0	0	0	0	0	1	0	0	0
510liepard	0	0	0	0	0	0	0	0	0	0	0	0	0	0	1	0	0	0
511pansage	0	0	0	0	1	0	0	0	0	0	0	0	0	0	0	0	0	0
512simisage	0	0	0	0	1	0	0	0	0	0	0	0	0	0	0	0	0	0
513pansear	0	1	0	0	0	0	0	0	0	0	0	0	0	0	0	0	0	0
514simisear	0	1	0	0	0	0	0	0	0	0	0	0	0	0	0	0	0	0
515panpour	0	0	1	0	0	0	0	0	0	0	0	0	0	0	0	0	0	0
516simipour	0	0	1	0	0	0	0	0	0	0	0	0	0	0	0	0	0	0
517munna	0	0	0	0	0	0	0	0	0	0	1	0	0	0	0	0	0	0
518musharna	0	0	0	0	0	0	0	0	0	0	1	0	0	0	0	0	0	0
519pidove	1	0	0	0	0	0	0	0	0	1	0	0	0	0	0	0	0	0
520tranquill	1	0	0	0	0	0	0	0	0	1	0	0	0	0	0	0	0	0
521unfezant	1	0	0	0	0	0	0	0	0	1	0	0	0	0	0	0	0	0
522blitzle	0	0	0	1	0	0	0	0	0	0	0	0	0	0	0	0	0	0
523zebstrika	0	0	0	1	0	0	0	0	0	0	0	0	0	0	0	0	0	0
524roggenrola	0	0	0	0	0	0	0	0	0	0	0	0	1	0	0	0	0	0
525boldore	0	0	0	0	0	0	0	0	0	0	0	0	1	0	0	0	0	0
526gigalith	0	0	0	0	0	0	0	0	0	0	0	0	1	0	0	0	0	0
527woobat	0	0	0	0	0	0	0	0	0	1	1	0	0	0	0	0	0	0
528swoobat	0	0	0	0	0	0	0	0	0	1	1	0	0	0	0	0	0	0
529drilbur	0	0	0	0	0	0	0	0	1	0	0	0	0	0	0	0	0	0
530excadrill	0	0	0	0	0	0	0	0	1	0	0	0	0	0	0	1	0	0
531audino	1	0	0	0	0	0	0	0	0	0	0	0	0	0	0	0	0	0
532timburr	0	0	0	0	0	0	1	0	0	0	0	0	0	0	0	0	0	0
533gurdurr	0	0	0	0	0	0	1	0	0	0	0	0	0	0	0	0	0	0
534conkeldurr	0	0	0	0	0	0	1	0	0	0	0	0	0	0	0	0	0	0
535tympole	0	0	1	0	0	0	0	0	0	0	0	0	0	0	0	0	0	0
536palpitoad	0	0	1	0	0	0	0	0	1	0	0	0	0	0	0	0	0	0
537seismitoad	0	0	1	0	0	0	0	0	1	0	0	0	0	0	0	0	0	0
538throh	0	0	0	0	0	0	1	0	0	0	0	0	0	0	0	0	0	0
539sawk	0	0	0	0	0	0	1	0	0	0	0	0	0	0	0	0	0	0
540sewaddle	0	0	0	0	1	0	0	0	0	0	0	1	0	0	0	0	0	0
541swadloon	0	0	0	0	1	0	0	0	0	0	0	1	0	0	0	0	0	0
542leavanny	0	0	0	0	1	0	0	0	0	0	0	1	0	0	0	0	0	0
543venipede	0	0	0	0	0	0	0	1	0	0	0	1	0	0	0	0	0	0
544whirlipede	0	0	0	0	0	0	0	1	0	0	0	1	0	0	0	0	0	0
545scolipede	0	0	0	0	0	0	0	1	0	0	0	1	0	0	0	0	0	0
546cottonee	0	0	0	0	1	0	0	0	0	0	0	0	0	0	0	0	1	0
547whimsicott	0	0	0	0	1	0	0	0	0	0	0	0	0	0	0	0	1	0
548petilil	0	0	0	0	1	0	0	0	0	0	0	0	0	0	0	0	0	0
549lilligant	0	0	0	0	1	0	0	0	0	0	0	0	0	0	0	0	0	0
550basculin-red-striped	0	0	1	0	0	0	0	0	0	0	0	0	0	0	0	0	0	0
551sandile	0	0	0	0	0	0	0	0	1	0	0	0	0	0	1	0	0	0
552krokorok	0	0	0	0	0	0	0	0	1	0	0	0	0	0	1	0	0	0
553krookodile	0	0	0	0	0	0	0	0	1	0	0	0	0	0	1	0	0	0
554darumaka	0	1	0	0	0	0	0	0	0	0	0	0	0	0	0	0	0	0
555darmanitan-standard	0	1	0	0	0	0	0	0	0	0	0	0	0	0	0	0	0	0
556maractus	0	0	0	0	1	0	0	0	0	0	0	0	0	0	0	0	0	0
557dwebble	0	0	0	0	0	0	0	0	0	0	0	1	1	0	0	0	0	0
558crustle	0	0	0	0	0	0	0	0	0	0	0	1	1	0	0	0	0	0
559scraggy	0	0	0	0	0	0	1	0	0	0	0	0	0	0	1	0	0	0
560scrafty	0	0	0	0	0	0	1	0	0	0	0	0	0	0	1	0	0	0
561sigilyph	0	0	0	0	0	0	0	0	0	1	1	0	0	0	0	0	0	0
562yamask	0	0	0	0	0	0	0	0	0	0	0	0	0	1	0	0	0	0
563cofagrigus	0	0	0	0	0	0	0	0	0	0	0	0	0	1	0	0	0	0
564tirtouga	0	0	1	0	0	0	0	0	0	0	0	0	1	0	0	0	0	0
565carracosta	0	0	1	0	0	0	0	0	0	0	0	0	1	0	0	0	0	0
566archen	0	0	0	0	0	0	0	0	0	1	0	0	1	0	0	0	0	0
567archeops	0	0	0	0	0	0	0	0	0	1	0	0	1	0	0	0	0	0
568trubbish	0	0	0	0	0	0	0	1	0	0	0	0	0	0	0	0	0	0
569garbodor	0	0	0	0	0	0	0	1	0	0	0	0	0	0	0	0	0	0
570zorua	0	0	0	0	0	0	0	0	0	0	0	0	0	0	1	0	0	0
571zoroark	0	0	0	0	0	0	0	0	0	0	0	0	0	0	1	0	0	0
572minccino	1	0	0	0	0	0	0	0	0	0	0	0	0	0	0	0	0	0
573cinccino	1	0	0	0	0	0	0	0	0	0	0	0	0	0	0	0	0	0
574gothita	0	0	0	0	0	0	0	0	0	0	1	0	0	0	0	0	0	0
575gothorita	0	0	0	0	0	0	0	0	0	0	1	0	0	0	0	0	0	0
576gothitelle	0	0	0	0	0	0	0	0	0	0	1	0	0	0	0	0	0	0
577solosis	0	0	0	0	0	0	0	0	0	0	1	0	0	0	0	0	0	0
578duosion	0	0	0	0	0	0	0	0	0	0	1	0	0	0	0	0	0	0
579reuniclus	0	0	0	0	0	0	0	0	0	0	1	0	0	0	0	0	0	0
580ducklett	0	0	1	0	0	0	0	0	0	1	0	0	0	0	0	0	0	0
581swanna	0	0	1	0	0	0	0	0	0	1	0	0	0	0	0	0	0	0
582vanillite	0	0	0	0	0	1	0	0	0	0	0	0	0	0	0	0	0	0
583vanillish	0	0	0	0	0	1	0	0	0	0	0	0	0	0	0	0	0	0
584vanilluxe	0	0	0	0	0	1	0	0	0	0	0	0	0	0	0	0	0	0
585deerling	1	0	0	0	1	0	0	0	0	0	0	0	0	0	0	0	0	0
586sawsbuck	1	0	0	0	1	0	0	0	0	0	0	0	0	0	0	0	0	0
587emolga	0	0	0	1	0	0	0	0	0	1	0	0	0	0	0	0	0	0
588karrablast	0	0	0	0	0	0	0	0	0	0	0	1	0	0	0	0	0	0
589escavalier	0	0	0	0	0	0	0	0	0	0	0	1	0	0	0	1	0	0
590foongus	0	0	0	0	1	0	0	1	0	0	0	0	0	0	0	0	0	0
591amoonguss	0	0	0	0	1	0	0	1	0	0	0	0	0	0	0	0	0	0
592frillish	0	0	1	0	0	0	0	0	0	0	0	0	0	1	0	0	0	0
593jellicent	0	0	1	0	0	0	0	0	0	0	0	0	0	1	0	0	0	0
594alomomola	0	0	1	0	0	0	0	0	0	0	0	0	0	0	0	0	0	0
595joltik	0	0	0	1	0	0	0	0	0	0	0	1	0	0	0	0	0	0
596galvantula	0	0	0	1	0	0	0	0	0	0	0	1	0	0	0	0	0	0
597ferroseed	0	0	0	0	1	0	0	0	0	0	0	0	0	0	0	1	0	0
598ferrothorn	0	0	0	0	1	0	0	0	0	0	0	0	0	0	0	1	0	0
599klink	0	0	0	0	0	0	0	0	0	0	0	0	0	0	0	1	0	0
600klang	0	0	0	0	0	0	0	0	0	0	0	0	0	0	0	1	0	0
601klinklang	0	0	0	0	0	0	0	0	0	0	0	0	0	0	0	1	0	0
602tynamo	0	0	0	1	0	0	0	0	0	0	0	0	0	0	0	0	0	0
603eelektrik	0	0	0	1	0	0	0	0	0	0	0	0	0	0	0	0	0	0
604eelektross	0	0	0	1	0	0	0	0	0	0	0	0	0	0	0	0	0	0
605elgyem	0	0	0	0	0	0	0	0	0	0	1	0	0	0	0	0	0	0
606beheeyem	0	0	0	0	0	0	0	0	0	0	1	0	0	0	0	0	0	0
607litwick	0	1	0	0	0	0	0	0	0	0	0	0	0	1	0	0	0	0
608lampent	0	1	0	0	0	0	0	0	0	0	0	0	0	1	0	0	0	0
609chandelure	0	1	0	0	0	0	0	0	0	0	0	0	0	1	0	0	0	0
610axew	0	0	0	0	0	0	0	0	0	0	0	0	0	0	0	0	0	1
611fraxure	0	0	0	0	0	0	0	0	0	0	0	0	0	0	0	0	0	1
612haxorus	0	0	0	0	0	0	0	0	0	0	0	0	0	0	0	0	0	1
613cubchoo	0	0	0	0	0	1	0	0	0	0	0	0	0	0	0	0	0	0
614beartic	0	0	0	0	0	1	0	0	0	0	0	0	0	0	0	0	0	0
615cryogonal	0	0	0	0	0	1	0	0	0	0	0	0	0	0	0	0	0	0
616shelmet	0	0	0	0	0	0	0	0	0	0	0	1	0	0	0	0	0	0
617accelgor	0	0	0	0	0	0	0	0	0	0	0	1	0	0	0	0	0	0
618stunfisk	0	0	0	1	0	0	0	0	1	0	0	0	0	0	0	0	0	0
619mienfoo	0	0	0	0	0	0	1	0	0	0	0	0	0	0	0	0	0	0
620mienshao	0	0	0	0	0	0	1	0	0	0	0	0	0	0	0	0	0	0
621druddigon	0	0	0	0	0	0	0	0	0	0	0	0	0	0	0	0	0	1
622golett	0	0	0	0	0	0	0	0	1	0	0	0	0	1	0	0	0	0
623golurk	0	0	0	0	0	0	0	0	1	0	0	0	0	1	0	0	0	0
624pawniard	0	0	0	0	0	0	0	0	0	0	0	0	0	0	1	1	0	0
625bisharp	0	0	0	0	0	0	0	0	0	0	0	0	0	0	1	1	0	0
626bouffalant	1	0	0	0	0	0	0	0	0	0	0	0	0	0	0	0	0	0
627rufflet	1	0	0	0	0	0	0	0	0	1	0	0	0	0	0	0	0	0
628braviary	1	0	0	0	0	0	0	0	0	1	0	0	0	0	0	0	0	0
629vullaby	0	0	0	0	0	0	0	0	0	1	0	0	0	0	1	0	0	0
630mandibuzz	0	0	0	0	0	0	0	0	0	1	0	0	0	0	1	0	0	0
631heatmor	0	1	0	0	0	0	0	0	0	0	0	0	0	0	0	0	0	0
632durant	0	0	0	0	0	0	0	0	0	0	0	1	0	0	0	1	0	0
633deino	0	0	0	0	0	0	0	0	0	0	0	0	0	0	1	0	0	1
634zweilous	0	0	0	0	0	0	0	0	0	0	0	0	0	0	1	0	0	1
635hydreigon	0	0	0	0	0	0	0	0	0	0	0	0	0	0	1	0	0	1
636larvesta	0	1	0	0	0	0	0	0	0	0	0	1	0	0	0	0	0	0
637volcarona	0	1	0	0	0	0	0	0	0	0	0	1	0	0	0	0	0	0
638cobalion	0	0	0	0	0	0	1	0	0	0	0	0	0	0	0	1	0	0
639terrakion	0	0	0	0	0	0	1	0	0	0	0	0	1	0	0	0	0	0
640virizion	0	0	0	0	1	0	1	0	0	0	0	0	0	0	0	0	0	0
641tornadus-incarnate	0	0	0	0	0	0	0	0	0	1	0	0	0	0	0	0	0	0
642thundurus-incarnate	0	0	0	1	0	0	0	0	0	1	0	0	0	0	0	0	0	0
643reshiram	0	1	0	0	0	0	0	0	0	0	0	0	0	0	0	0	0	1
644zekrom	0	0	0	1	0	0	0	0	0	0	0	0	0	0	0	0	0	1
645landorus-incarnate	0	0	0	0	0	0	0	0	1	1	0	0	0	0	0	0	0	0
646kyurem	0	0	0	0	0	1	0	0	0	0	0	0	0	0	0	0	0	1
647keldeo-ordinary	0	0	1	0	0	0	1	0	0	0	0	0	0	0	0	0	0	0
648meloetta-aria	1	0	0	0	0	0	0	0	0	0	1	0	0	0	0	0	0	0
649genesect	0	0	0	0	0	0	0	0	0	0	0	1	0	0	0	1	0	0
650chespin	0	0	0	0	1	0	0	0	0	0	0	0	0	0	0	0	0	0
651quilladin	0	0	0	0	1	0	0	0	0	0	0	0	0	0	0	0	0	0
652chesnaught	0	0	0	0	1	0	1	0	0	0	0	0	0	0	0	0	0	0
653fennekin	0	1	0	0	0	0	0	0	0	0	0	0	0	0	0	0	0	0
654braixen	0	1	0	0	0	0	0	0	0	0	0	0	0	0	0	0	0	0
655delphox	0	1	0	0	0	0	0	0	0	0	1	0	0	0	0	0	0	0
656froakie	0	0	1	0	0	0	0	0	0	0	0	0	0	0	0	0	0	0
657frogadier	0	0	1	0	0	0	0	0	0	0	0	0	0	0	0	0	0	0
658greninja	0	0	1	0	0	0	0	0	0	0	0	0	0	0	1	0	0	0
659bunnelby	1	0	0	0	0	0	0	0	0	0	0	0	0	0	0	0	0	0
660diggersby	1	0	0	0	0	0	0	0	1	0	0	0	0	0	0	0	0	0
661fletchling	1	0	0	0	0	0	0	0	0	1	0	0	0	0	0	0	0	0
662fletchinder	0	1	0	0	0	0	0	0	0	1	0	0	0	0	0	0	0	0
663talonflame	0	1	0	0	0	0	0	0	0	1	0	0	0	0	0	0	0	0
664scatterbug	0	0	0	0	0	0	0	0	0	0	0	1	0	0	0	0	0	0
665spewpa	0	0	0	0	0	0	0	0	0	0	0	1	0	0	0	0	0	0
666vivillon	0	0	0	0	0	0	0	0	0	1	0	1	0	0	0	0	0	0
667litleo	1	1	0	0	0	0	0	0	0	0	0	0	0	0	0	0	0	0
668pyroar	1	1	0	0	0	0	0	0	0	0	0	0	0	0	0	0	0	0
669flabebe	0	0	0	0	0	0	0	0	0	0	0	0	0	0	0	0	1	0
670floette	0	0	0	0	0	0	0	0	0	0	0	0	0	0	0	0	1	0
671florges	0	0	0	0	0	0	0	0	0	0	0	0	0	0	0	0	1	0
672skiddo	0	0	0	0	1	0	0	0	0	0	0	0	0	0	0	0	0	0
673gogoat	0	0	0	0	1	0	0	0	0	0	0	0	0	0	0	0	0	0
674pancham	0	0	0	0	0	0	1	0	0	0	0	0	0	0	0	0	0	0
675pangoro	0	0	0	0	0	0	1	0	0	0	0	0	0	0	1	0	0	0
676furfrou	1	0	0	0	0	0	0	0	0	0	0	0	0	0	0	0	0	0
677espurr	0	0	0	0	0	0	0	0	0	0	1	0	0	0	0	0	0	0
678meowstic-male	0	0	0	0	0	0	0	0	0	0	1	0	0	0	0	0	0	0
679honedge	0	0	0	0	0	0	0	0	0	0	0	0	0	1	0	1	0	0
680doublade	0	0	0	0	0	0	0	0	0	0	0	0	0	1	0	1	0	0
681aegislash-shield	0	0	0	0	0	0	0	0	0	0	0	0	0	1	0	1	0	0
682spritzee	0	0	0	0	0	0	0	0	0	0	0	0	0	0	0	0	1	0
683aromatisse	0	0	0	0	0	0	0	0	0	0	0	0	0	0	0	0	1	0
684swirlix	0	0	0	0	0	0	0	0	0	0	0	0	0	0	0	0	1	0
685slurpuff	0	0	0	0	0	0	0	0	0	0	0	0	0	0	0	0	1	0
686inkay	0	0	0	0	0	0	0	0	0	0	1	0	0	0	1	0	0	0
687malamar	0	0	0	0	0	0	0	0	0	0	1	0	0	0	1	0	0	0
688binacle	0	0	1	0	0	0	0	0	0	0	0	0	1	0	0	0	0	0
689barbaracle	0	0	1	0	0	0	0	0	0	0	0	0	1	0	0	0	0	0
690skrelp	0	0	1	0	0	0	0	1	0	0	0	0	0	0	0	0	0	0
691dragalge	0	0	0	0	0	0	0	1	0	0	0	0	0	0	0	0	0	1
692clauncher	0	0	1	0	0	0	0	0	0	0	0	0	0	0	0	0	0	0
693clawitzer	0	0	1	0	0	0	0	0	0	0	0	0	0	0	0	0	0	0
694helioptile	1	0	0	1	0	0	0	0	0	0	0	0	0	0	0	0	0	0
695heliolisk	1	0	0	1	0	0	0	0	0	0	0	0	0	0	0	0	0	0
696tyrunt	0	0	0	0	0	0	0	0	0	0	0	0	1	0	0	0	0	1
697tyrantrum	0	0	0	0	0	0	0	0	0	0	0	0	1	0	0	0	0	1
698amaura	0	0	0	0	0	1	0	0	0	0	0	0	1	0	0	0	0	0
699aurorus	0	0	0	0	0	1	0	0	0	0	0	0	1	0	0	0	0	0
700sylveon	0	0	0	0	0	0	0	0	0	0	0	0	0	0	0	0	1	0
701hawlucha	0	0	0	0	0	0	1	0	0	1	0	0	0	0	0	0	0	0
702dedenne	0	0	0	1	0	0	0	0	0	0	0	0	0	0	0	0	1	0
703carbink	0	0	0	0	0	0	0	0	0	0	0	0	1	0	0	0	1	0
704goomy	0	0	0	0	0	0	0	0	0	0	0	0	0	0	0	0	0	1
705sliggoo	0	0	0	0	0	0	0	0	0	0	0	0	0	0	0	0	0	1
706goodra	0	0	0	0	0	0	0	0	0	0	0	0	0	0	0	0	0	1
707klefki	0	0	0	0	0	0	0	0	0	0	0	0	0	0	0	1	1	0
708phantump	0	0	0	0	1	0	0	0	0	0	0	0	0	1	0	0	0	0
709trevenant	0	0	0	0	1	0	0	0	0	0	0	0	0	1	0	0	0	0
710pumpkaboo-average	0	0	0	0	1	0	0	0	0	0	0	0	0	1	0	0	0	0
711gourgeist-average	0	0	0	0	1	0	0	0	0	0	0	0	0	1	0	0	0	0
712bergmite	0	0	0	0	0	1	0	0	0	0	0	0	0	0	0	0	0	0
713avalugg	0	0	0	0	0	1	0	0	0	0	0	0	0	0	0	0	0	0
714noibat	0	0	0	0	0	0	0	0	0	1	0	0	0	0	0	0	0	1
715noivern	0	0	0	0	0	0	0	0	0	1	0	0	0	0	0	0	0	1
716xerneas	0	0	0	0	0	0	0	0	0	0	0	0	0	0	0	0	1	0
717yveltal	0	0	0	0	0	0	0	0	0	1	0	0	0	0	1	0	0	0
718zygarde-50	0	0	0	0	0	0	0	0	1	0	0	0	0	0	0	0	0	1
719diancie	0	0	0	0	0	0	0	0	0	0	0	0	1	0	0	0	1	0
720hoopa	0	0	0	0	0	0	0	0	0	0	1	0	0	1	0	0	0	0
721volcanion	0	1	1	0	0	0	0	0	0	0	0	0	0	0	0	0	0	0
722rowlet	0	0	0	0	1	0	0	0	0	1	0	0	0	0	0	0	0	0
723dartrix	0	0	0	0	1	0	0	0	0	1	0	0	0	0	0	0	0	0
724decidueye	0	0	0	0	1	0	0	0	0	0	0	0	0	1	0	0	0	0
725litten	0	1	0	0	0	0	0	0	0	0	0	0	0	0	0	0	0	0
726torracat	0	1	0	0	0	0	0	0	0	0	0	0	0	0	0	0	0	0
727incineroar	0	1	0	0	0	0	0	0	0	0	0	0	0	0	1	0	0	0
728popplio	0	0	1	0	0	0	0	0	0	0	0	0	0	0	0	0	0	0
729brionne	0	0	1	0	0	0	0	0	0	0	0	0	0	0	0	0	0	0
730primarina	0	0	1	0	0	0	0	0	0	0	0	0	0	0	0	0	1	0
731pikipek	1	0	0	0	0	0	0	0	0	1	0	0	0	0	0	0	0	0
732trumbeak	1	0	0	0	0	0	0	0	0	1	0	0	0	0	0	0	0	0
733toucannon	1	0	0	0	0	0	0	0	0	1	0	0	0	0	0	0	0	0
734yungoos	1	0	0	0	0	0	0	0	0	0	0	0	0	0	0	0	0	0
735gumshoos	1	0	0	0	0	0	0	0	0	0	0	0	0	0	0	0	0	0
736grubbin	0	0	0	0	0	0	0	0	0	0	0	1	0	0	0	0	0	0
737charjabug	0	0	0	1	0	0	0	0	0	0	0	1	0	0	0	0	0	0
738vikavolt	0	0	0	1	0	0	0	0	0	0	0	1	0	0	0	0	0	0
739crabrawler	0	0	0	0	0	0	1	0	0	0	0	0	0	0	0	0	0	0
740crabominable	0	0	0	0	0	1	1	0	0	0	0	0	0	0	0	0	0	0
741oricorio-baile	0	1	0	0	0	0	0	0	0	1	0	0	0	0	0	0	0	0
742cutiefly	0	0	0	0	0	0	0	0	0	0	0	1	0	0	0	0	1	0
743ribombee	0	0	0	0	0	0	0	0	0	0	0	1	0	0	0	0	1	0
744rockruff	0	0	0	0	0	0	0	0	0	0	0	0	1	0	0	0	0	0
745lycanroc-midday	0	0	0	0	0	0	0	0	0	0	0	0	1	0	0	0	0	0
746wishiwashi-solo	0	0	1	0	0	0	0	0	0	0	0	0	0	0	0	0	0	0
747mareanie	0	0	1	0	0	0	0	1	0	0	0	0	0	0	0	0	0	0
748toxapex	0	0	1	0	0	0	0	1	0	0	0	0	0	0	0	0	0	0
749mudbray	0	0	0	0	0	0	0	0	1	0	0	0	0	0	0	0	0	0
750mudsdale	0	0	0	0	0	0	0	0	1	0	0	0	0	0	0	0	0	0
751dewpider	0	0	1	0	0	0	0	0	0	0	0	1	0	0	0	0	0	0
752araquanid	0	0	1	0	0	0	0	0	0	0	0	1	0	0	0	0	0	0
753fomantis	0	0	0	0	1	0	0	0	0	0	0	0	0	0	0	0	0	0
754lurantis	0	0	0	0	1	0	0	0	0	0	0	0	0	0	0	0	0	0
755morelull	0	0	0	0	1	0	0	0	0	0	0	0	0	0	0	0	1	0
756shiinotic	0	0	0	0	1	0	0	0	0	0	0	0	0	0	0	0	1	0
757salandit	0	1	0	0	0	0	0	1	0	0	0	0	0	0	0	0	0	0
758salazzle	0	1	0	0	0	0	0	1	0	0	0	0	0	0	0	0	0	0
759stufful	1	0	0	0	0	0	1	0	0	0	0	0	0	0	0	0	0	0
760bewear	1	0	0	0	0	0	1	0	0	0	0	0	0	0	0	0	0	0
761bounsweet	0	0	0	0	1	0	0	0	0	0	0	0	0	0	0	0	0	0
762steenee	0	0	0	0	1	0	0	0	0	0	0	0	0	0	0	0	0	0
763tsareena	0	0	0	0	1	0	0	0	0	0	0	0	0	0	0	0	0	0
764comfey	0	0	0	0	0	0	0	0	0	0	0	0	0	0	0	0	1	0
765oranguru	1	0	0	0	0	0	0	0	0	0	1	0	0	0	0	0	0	0
766passimian	0	0	0	0	0	0	1	0	0	0	0	0	0	0	0	0	0	0
767wimpod	0	0	1	0	0	0	0	0	0	0	0	1	0	0	0	0	0	0
768golisopod	0	0	1	0	0	0	0	0	0	0	0	1	0	0	0	0	0	0
769sandygast	0	0	0	0	0	0	0	0	1	0	0	0	0	1	0	0	0	0
770palossand	0	0	0	0	0	0	0	0	1	0	0	0	0	1	0	0	0	0
771pyukumuku	0	0	1	0	0	0	0	0	0	0	0	0	0	0	0	0	0	0
772type-null	1	0	0	0	0	0	0	0	0	0	0	0	0	0	0	0	0	0
773silvally	1	0	0	0	0	0	0	0	0	0	0	0	0	0	0	0	0	0
774minior-red-meteor	0	0	0	0	0	0	0	0	0	1	0	0	1	0	0	0	0	0
775komala	1	0	0	0	0	0	0	0	0	0	0	0	0	0	0	0	0	0
776turtonator	0	1	0	0	0	0	0	0	0	0	0	0	0	0	0	0	0	1
777togedemaru	0	0	0	1	0	0	0	0	0	0	0	0	0	0	0	1	0	0
778mimikyu-disguised	0	0	0	0	0	0	0	0	0	0	0	0	0	1	0	0	1	0
779bruxish	0	0	1	0	0	0	0	0	0	0	1	0	0	0	0	0	0	0
780drampa	1	0	0	0	0	0	0	0	0	0	0	0	0	0	0	0	0	1
781dhelmise	0	0	0	0	1	0	0	0	0	0	0	0	0	1	0	0	0	0
782jangmo-o	0	0	0	0	0	0	0	0	0	0	0	0	0	0	0	0	0	1
783hakamo-o	0	0	0	0	0	0	1	0	0	0	0	0	0	0	0	0	0	1
784kommo-o	0	0	0	0	0	0	1	0	0	0	0	0	0	0	0	0	0	1
785tapu-koko	0	0	0	1	0	0	0	0	0	0	0	0	0	0	0	0	1	0
786tapu-lele	0	0	0	0	0	0	0	0	0	0	1	0	0	0	0	0	1	0
787tapu-bulu	0	0	0	0	1	0	0	0	0	0	0	0	0	0	0	0	1	0
788tapu-fini	0	0	1	0	0	0	0	0	0	0	0	0	0	0	0	0	1	0
789cosmog	0	0	0	0	0	0	0	0	0	0	1	0	0	0	0	0	0	0
790cosmoem	0	0	0	0	0	0	0	0	0	0	1	0	0	0	0	0	0	0
791solgaleo	0	0	0	0	0	0	0	0	0	0	1	0	0	0	0	1	0	0
792lunala	0	0	0	0	0	0	0	0	0	0	1	0	0	1	0	0	0	0
793nihilego	0	0	0	0	0	0	0	1	0	0	0	0	1	0	0	0	0	0
794buzzwole	0	0	0	0	0	0	1	0	0	0	0	1	0	0	0	0	0	0
795pheromosa	0	0	0	0	0	0	1	0	0	0	0	1	0	0	0	0	0	0
796xurkitree	0	0	0	1	0	0	0	0	0	0	0	0	0	0	0	0	0	0
797celesteela	0	0	0	0	0	0	0	0	0	1	0	0	0	0	0	1	0	0
798kartana	0	0	0	0	1	0	0	0	0	0	0	0	0	0	0	1	0	0
799guzzlord	0	0	0	0	0	0	0	0	0	0	0	0	0	0	1	0	0	1
800necrozma	0	0	0	0	0	0	0	0	0	0	1	0	0	0	0	0	0	0
801magearna	0	0	0	0	0	0	0	0	0	0	0	0	0	0	0	1	1	0
802marshadow	0	0	0	0	0	0	1	0	0	0	0	0	0	1	0	0	0	0
803poipole	0	0	0	0	0	0	0	1	0	0	0	0	0	0	0	0	0	0
804naganadel	0	0	0	0	0	0	0	1	0	0	0	0	0	0	0	0	0	1
805stakataka	0	0	0	0	0	0	0	0	0	0	0	0	1	0	0	1	0	0
806blacephalon	0	1	0	0	0	0	0	0	0	0	0	0	0	1	0	0	0	0
807zeraora	0	0	0	1	0	0	0	0	0	0	0	0	0	0	0	0	0	0
808meltan	0	0	0	0	0	0	0	0	0	0	0	0	0	0	0	1	0	0
809melmetal	0	0	0	0	0	0	0	0	0	0	0	0	0	0	0	1	0	0
810grookey	0	0	0	0	1	0	0	0	0	0	0	0	0	0	0	0	0	0
811thwackey	0	0	0	0	1	0	0	0	0	0	0	0	0	0	0	0	0	0
812rillaboom	0	0	0	0	1	0	0	0	0	0	0	0	0	0	0	0	0	0
813scorbunny	0	1	0	0	0	0	0	0	0	0	0	0	0	0	0	0	0	0
814raboot	0	1	0	0	0	0	0	0	0	0	0	0	0	0	0	0	0	0
815cinderace	0	1	0	0	0	0	0	0	0	0	0	0	0	0	0	0	0	0
816sobble	0	0	1	0	0	0	0	0	0	0	0	0	0	0	0	0	0	0
817drizzile	0	0	1	0	0	0	0	0	0	0	0	0	0	0	0	0	0	0
818inteleon	0	0	1	0	0	0	0	0	0	0	0	0	0	0	0	0	0	0
819skwovet	1	0	0	0	0	0	0	0	0	0	0	0	0	0	0	0	0	0
820greedent	1	0	0	0	0	0	0	0	0	0	0	0	0	0	0	0	0	0
821rookidee	0	0	0	0	0	0	0	0	0	1	0	0	0	0	0	0	0	0
822corvisquire	0	0	0	0	0	0	0	0	0	1	0	0	0	0	0	0	0	0
823corviknight	0	0	0	0	0	0	0	0	0	1	0	0	0	0	0	1	0	0
824blipbug	0	0	0	0	0	0	0	0	0	0	0	1	0	0	0	0	0	0
825dottler	0	0	0	0	0	0	0	0	0	0	1	1	0	0	0	0	0	0
826orbeetle	0	0	0	0	0	0	0	0	0	0	1	1	0	0	0	0	0	0
827nickit	0	0	0	0	0	0	0	0	0	0	0	0	0	0	1	0	0	0
828thievul	0	0	0	0	0	0	0	0	0	0	0	0	0	0	1	0	0	0
829gossifleur	0	0	0	0	1	0	0	0	0	0	0	0	0	0	0	0	0	0
830eldegoss	0	0	0	0	1	0	0	0	0	0	0	0	0	0	0	0	0	0
831wooloo	1	0	0	0	0	0	0	0	0	0	0	0	0	0	0	0	0	0
832dubwool	1	0	0	0	0	0	0	0	0	0	0	0	0	0	0	0	0	0
833chewtle	0	0	1	0	0	0	0	0	0	0	0	0	0	0	0	0	0	0
834drednaw	0	0	1	0	0	0	0	0	0	0	0	0	1	0	0	0	0	0
835yamper	0	0	0	1	0	0	0	0	0	0	0	0	0	0	0	0	0	0
836boltund	0	0	0	1	0	0	0	0	0	0	0	0	0	0	0	0	0	0
837rolycoly	0	0	0	0	0	0	0	0	0	0	0	0	1	0	0	0	0	0
838carkol	0	1	0	0	0	0	0	0	0	0	0	0	1	0	0	0	0	0
839coalossal	0	1	0	0	0	0	0	0	0	0	0	0	1	0	0	0	0	0
840applin	0	0	0	0	1	0	0	0	0	0	0	0	0	0	0	0	0	1
841flapple	0	0	0	0	1	0	0	0	0	0	0	0	0	0	0	0	0	1
842appletun	0	0	0	0	1	0	0	0	0	0	0	0	0	0	0	0	0	1
843silicobra	0	0	0	0	0	0	0	0	1	0	0	0	0	0	0	0	0	0
844sandaconda	0	0	0	0	0	0	0	0	1	0	0	0	0	0	0	0	0	0
845cramorant	0	0	1	0	0	0	0	0	0	1	0	0	0	0	0	0	0	0
846arrokuda	0	0	1	0	0	0	0	0	0	0	0	0	0	0	0	0	0	0
847barraskewda	0	0	1	0	0	0	0	0	0	0	0	0	0	0	0	0	0	0
848toxel	0	0	0	1	0	0	0	1	0	0	0	0	0	0	0	0	0	0
849toxtricity-amped	0	0	0	1	0	0	0	1	0	0	0	0	0	0	0	0	0	0
850sizzlipede	0	1	0	0	0	0	0	0	0	0	0	1	0	0	0	0	0	0
851centiskorch	0	1	0	0	0	0	0	0	0	0	0	1	0	0	0	0	0	0
852clobbopus	0	0	0	0	0	0	1	0	0	0	0	0	0	0	0	0	0	0
853grapploct	0	0	0	0	0	0	1	0	0	0	0	0	0	0	0	0	0	0
854sinistea	0	0	0	0	0	0	0	0	0	0	0	0	0	1	0	0	0	0
855polteageist	0	0	0	0	0	0	0	0	0	0	0	0	0	1	0	0	0	0
856hatenna	0	0	0	0	0	0	0	0	0	0	1	0	0	0	0	0	0	0
857hattrem	0	0	0	0	0	0	0	0	0	0	1	0	0	0	0	0	0	0
858hatterene	0	0	0	0	0	0	0	0	0	0	1	0	0	0	0	0	1	0
859impidimp	0	0	0	0	0	0	0	0	0	0	0	0	0	0	1	0	1	0
860morgrem	0	0	0	0	0	0	0	0	0	0	0	0	0	0	1	0	1	0
861grimmsnarl	0	0	0	0	0	0	0	0	0	0	0	0	0	0	1	0	1	0
862obstagoon	1	0	0	0	0	0	0	0	0	0	0	0	0	0	1	0	0	0
863perrserker	0	0	0	0	0	0	0	0	0	0	0	0	0	0	0	1	0	0
864cursola	0	0	0	0	0	0	0	0	0	0	0	0	0	1	0	0	0	0
865sirfetchd	0	0	0	0	0	0	1	0	0	0	0	0	0	0	0	0	0	0
866mr-rime	0	0	0	0	0	1	0	0	0	0	1	0	0	0	0	0	0	0
867runerigus	0	0	0	0	0	0	0	0	1	0	0	0	0	1	0	0	0	0
868milcery	0	0	0	0	0	0	0	0	0	0	0	0	0	0	0	0	1	0
869alcremie	0	0	0	0	0	0	0	0	0	0	0	0	0	0	0	0	1	0
870falinks	0	0	0	0	0	0	1	0	0	0	0	0	0	0	0	0	0	0
871pincurchin	0	0	0	1	0	0	0	0	0	0	0	0	0	0	0	0	0	0
872snom	0	0	0	0	0	1	0	0	0	0	0	1	0	0	0	0	0	0
873frosmoth	0	0	0	0	0	1	0	0	0	0	0	1	0	0	0	0	0	0
874stonjourner	0	0	0	0	0	0	0	0	0	0	0	0	1	0	0	0	0	0
875eiscue-ice	0	0	0	0	0	1	0	0	0	0	0	0	0	0	0	0	0	0
876indeedee-male	1	0	0	0	0	0	0	0	0	0	1	0	0	0	0	0	0	0
877morpeko-full-belly	0	0	0	1	0	0	0	0	0	0	0	0	0	0	1	0	0	0
878cufant	0	0	0	0	0	0	0	0	0	0	0	0	0	0	0	1	0	0
879copperajah	0	0	0	0	0	0	0	0	0	0	0	0	0	0	0	1	0	0
880dracozolt	0	0	0	1	0	0	0	0	0	0	0	0	0	0	0	0	0	1
881arctozolt	0	0	0	1	0	1	0	0	0	0	0	0	0	0	0	0	0	0
882dracovish	0	0	1	0	0	0	0	0	0	0	0	0	0	0	0	0	0	1
883arctovish	0	0	1	0	0	1	0	0	0	0	0	0	0	0	0	0	0	0
884duraludon	0	0	0	0	0	0	0	0	0	0	0	0	0	0	0	1	0	1
885dreepy	0	0	0	0	0	0	0	0	0	0	0	0	0	1	0	0	0	1
886drakloak	0	0	0	0	0	0	0	0	0	0	0	0	0	1	0	0	0	1
887dragapult	0	0	0	0	0	0	0	0	0	0	0	0	0	1	0	0	0	1
888zacian	0	0	0	0	0	0	0	0	0	0	0	0	0	0	0	0	1	0
889zamazenta	0	0	0	0	0	0	1	0	0	0	0	0	0	0	0	0	0	0
890eternatus	0	0	0	0	0	0	0	1	0	0	0	0	0	0	0	0	0	1
891kubfu	0	0	0	0	0	0	1	0	0	0	0	0	0	0	0	0	0	0
892urshifu-single-strike	0	0	0	0	0	0	1	0	0	0	0	0	0	0	1	0	0	0
893zarude	0	0	0	0	1	0	0	0	0	0	0	0	0	0	1	0	0	0
894regieleki	0	0	0	1	0	0	0	0	0	0	0	0	0	0	0	0	0	0
895regidrago	0	0	0	0	0	0	0	0	0	0	0	0	0	0	0	0	0	1
896glastrier	0	0	0	0	0	1	0	0	0	0	0	0	0	0	0	0	0	0
897spectrier	0	0	0	0	0	0	0	0	0	0	0	0	0	1	0	0	0	0
898calyrex	0	0	0	0	1	0	0	0	0	0	1	0	0	0	0	0	0	0
899wyrdeer	1	0	0	0	0	0	0	0	0	0	1	0	0	0	0	0	0	0
900kleavor	0	0	0	0	0	0	0	0	0	0	0	1	1	0	0	0	0	0
901ursaluna	1	0	0	0	0	0	0	0	1	0	0	0	0	0	0	0	0	0
902basculegion-male	0	0	1	0	0	0	0	0	0	0	0	0	0	1	0	0	0	0
903sneasler	0	0	0	0	0	0	1	1	0	0	0	0	0	0	0	0	0	0
904overqwil	0	0	0	0	0	0	0	1	0	0	0	0	0	0	1	0	0	0
905enamorus-incarnate	0	0	0	0	0	0	0	0	0	1	0	0	0	0	0	0	1	0
906sprigatito	0	0	0	0	1	0	0	0	0	0	0	0	0	0	0	0	0	0
907floragato	0	0	0	0	1	0	0	0	0	0	0	0	0	0	0	0	0	0
908meowscarada	0	0	0	0	1	0	0	0	0	0	0	0	0	0	1	0	0	0
909fuecoco	0	1	0	0	0	0	0	0	0	0	0	0	0	0	0	0	0	0
910crocalor	0	1	0	0	0	0	0	0	0	0	0	0	0	0	0	0	0	0
911skeledirge	0	1	0	0	0	0	0	0	0	0	0	0	0	1	0	0	0	0
912quaxly	0	0	1	0	0	0	0	0	0	0	0	0	0	0	0	0	0	0
913quaxwell	0	0	1	0	0	0	0	0	0	0	0	0	0	0	0	0	0	0
914quaquaval	0	0	1	0	0	0	1	0	0	0	0	0	0	0	0	0	0	0
915lechonk	1	0	0	0	0	0	0	0	0	0	0	0	0	0	0	0	0	0
916oinkologne	1	0	0	0	0	0	0	0	0	0	0	0	0	0	0	0	0	0
917tarountula	0	0	0	0	0	0	0	0	0	0	0	1	0	0	0	0	0	0
918spidops	0	0	0	0	0	0	0	0	0	0	0	1	0	0	0	0	0	0
919nymble	0	0	0	0	0	0	0	0	0	0	0	1	0	0	0	0	0	0
920lokix	0	0	0	0	0	0	0	0	0	0	0	1	0	0	1	0	0	0
921pawmi	0	0	0	1	0	0	0	0	0	0	0	0	0	0	0	0	0	0
922pawmo	0	0	0	1	0	0	1	0	0	0	0	0	0	0	0	0	0	0
923pawmot	0	0	0	1	0	0	1	0	0	0	0	0	0	0	0	0	0	0
924tandemaus	1	0	0	0	0	0	0	0	0	0	0	0	0	0	0	0	0	0
925maushold	1	0	0	0	0	0	0	0	0	0	0	0	0	0	0	0	0	0
926fidough	0	0	0	0	0	0	0	0	0	0	0	0	0	0	0	0	1	0
927dachsbun	0	0	0	0	0	0	0	0	0	0	0	0	0	0	0	0	1	0
928smoliv	1	0	0	0	1	0	0	0	0	0	0	0	0	0	0	0	0	0
929dolliv	1	0	0	0	1	0	0	0	0	0	0	0	0	0	0	0	0	0
930arboliva	1	0	0	0	1	0	0	0	0	0	0	0	0	0	0	0	0	0
931squawkabilly	1	0	0	0	0	0	0	0	0	1	0	0	0	0	0	0	0	0
932nacli	0	0	0	0	0	0	0	0	0	0	0	0	1	0	0	0	0	0
933naclstack	0	0	0	0	0	0	0	0	0	0	0	0	1	0	0	0	0	0
934garganacl	0	0	0	0	0	0	0	0	0	0	0	0	1	0	0	0	0	0
935charcadet	0	1	0	0	0	0	0	0	0	0	0	0	0	0	0	0	0	0
936armarouge	0	1	0	0	0	0	0	0	0	0	1	0	0	0	0	0	0	0
937ceruledge	0	1	0	0	0	0	0	0	0	0	0	0	0	1	0	0	0	0
938tadbulb	0	0	0	1	0	0	0	0	0	0	0	0	0	0	0	0	0	0
939bellibolt	0	0	0	1	0	0	0	0	0	0	0	0	0	0	0	0	0	0
940wattrel	0	0	0	1	0	0	0	0	0	1	0	0	0	0	0	0	0	0
941kilowattrel	0	0	0	1	0	0	0	0	0	1	0	0	0	0	0	0	0	0
942maschiff	0	0	0	0	0	0	0	0	0	0	0	0	0	0	1	0	0	0
943mabosstiff	0	0	0	0	0	0	0	0	0	0	0	0	0	0	1	0	0	0
944shroodle	1	0	0	0	0	0	0	1	0	0	0	0	0	0	0	0	0	0
945grafaiai	1	0	0	0	0	0	0	1	0	0	0	0	0	0	0	0	0	0
946bramblin	0	0	0	0	1	0	0	0	0	0	0	0	0	1	0	0	0	0
947brambleghast	0	0	0	0	1	0	0	0	0	0	0	0	0	1	0	0	0	0
948toedscool	0	0	0	0	1	0	0	0	1	0	0	0	0	0	0	0	0	0
949toedscruel	0	0	0	0	1	0	0	0	1	0	0	0	0	0	0	0	0	0
950klawf	0	0	0	0	0	0	0	0	0	0	0	0	1	0	0	0	0	0
951capsakid	0	0	0	0	1	0	0	0	0	0	0	0	0	0	0	0	0	0
952scovillain	0	1	0	0	1	0	0	0	0	0	0	0	0	0	0	0	0	0
953rellor	0	0	0	0	0	0	0	0	0	0	0	1	0	0	0	0	0	0
954rabsca	0	0	0	0	0	0	0	0	0	0	1	1	0	0	0	0	0	0
955flittle	0	0	0	0	0	0	0	0	0	0	1	0	0	0	0	0	0	0
956espathra	0	0	0	0	0	0	0	0	0	0	1	0	0	0	0	0	0	0
957tinkatink	0	0	0	0	0	0	0	0	0	0	0	0	0	0	0	1	1	0
958tinkatuff	0	0	0	0	0	0	0	0	0	0	0	0	0	0	0	1	1	0
959tinkaton	0	0	0	0	0	0	0	0	0	0	0	0	0	0	0	1	1	0
960wiglett	0	0	1	0	0	0	0	0	0	0	0	0	0	0	0	0	0	0
961wugtrio	0	0	1	0	0	0	0	0	0	0	0	0	0	0	0	0	0	0
962bombirdier	0	0	0	0	0	0	0	0	0	1	0	0	0	0	1	0	0	0
963finizen	0	0	1	0	0	0	0	0	0	0	0	0	0	0	0	0	0	0
964palafin	0	0	1	0	0	0	0	0	0	0	0	0	0	0	0	0	0	0
965varoom	0	0	0	0	0	0	0	1	0	0	0	0	0	0	0	1	0	0
966revavroom	0	0	0	0	0	0	0	1	0	0	0	0	0	0	0	1	0	0
967cyclizar	1	0	0	0	0	0	0	0	0	0	0	0	0	0	0	0	0	1
968orthworm	0	0	0	0	0	0	0	0	0	0	0	0	0	0	0	1	0	0
969glimmet	0	0	0	0	0	0	0	1	0	0	0	0	1	0	0	0	0	0
970glimmora	0	0	0	0	0	0	0	1	0	0	0	0	1	0	0	0	0	0
971greavard	0	0	0	0	0	0	0	0	0	0	0	0	0	1	0	0	0	0
972houndstone	0	0	0	0	0	0	0	0	0	0	0	0	0	1	0	0	0	0
973flamigo	0	0	0	0	0	0	1	0	0	1	0	0	0	0	0	0	0	0
974cetoddle	0	0	0	0	0	1	0	0	0	0	0	0	0	0	0	0	0	0
975cetitan	0	0	0	0	0	1	0	0	0	0	0	0	0	0	0	0	0	0
976veluza	0	0	1	0	0	0	0	0	0	0	1	0	0	0	0	0	0	0
977dondozo	0	0	1	0	0	0	0	0	0	0	0	0	0	0	0	0	0	0
978tatsugiri	0	0	1	0	0	0	0	0	0	0	0	0	0	0	0	0	0	1
979annihilape	0	0	0	0	0	0	1	0	0	0	0	0	0	1	0	0	0	0
980clodsire	0	0	0	0	0	0	0	1	1	0	0	0	0	0	0	0	0	0
981farigiraf	1	0	0	0	0	0	0	0	0	0	1	0	0	0	0	0	0	0
982dudunsparce	1	0	0	0	0	0	0	0	0	0	0	0	0	0	0	0	0	0
983kingambit	0	0	0	0	0	0	0	0	0	0	0	0	0	0	1	1	0	0
984great-tusk	0	0	0	0	0	0	1	0	1	0	0	0	0	0	0	0	0	0
985scream-tail	0	0	0	0	0	0	0	0	0	0	1	0	0	0	0	0	1	0
986brute-bonnet	0	0	0	0	1	0	0	0	0	0	0	0	0	0	1	0	0	0
987flutter-mane	0	0	0	0	0	0	0	0	0	0	0	0	0	1	0	0	1	0
988slither-wing	0	0	0	0	0	0	1	0	0	0	0	1	0	0	0	0	0	0
989sandy-shocks	0	0	0	1	0	0	0	0	1	0	0	0	0	0	0	0	0	0
990iron-treads	0	0	0	0	0	0	0	0	1	0	0	0	0	0	0	1	0	0
991iron-bundle	0	0	1	0	0	1	0	0	0	0	0	0	0	0	0	0	0	0
992iron-hands	0	0	0	1	0	0	1	0	0	0	0	0	0	0	0	0	0	0
993iron-jugulis	0	0	0	0	0	0	0	0	0	1	0	0	0	0	1	0	0	0
994iron-moth	0	1	0	0	0	0	0	1	0	0	0	0	0	0	0	0	0	0
995iron-thorns	0	0	0	1	0	0	0	0	0	0	0	0	1	0	0	0	0	0
996frigibax	0	0	0	0	0	1	0	0	0	0	0	0	0	0	0	0	0	1
997arctibax	0	0	0	0	0	1	0	0	0	0	0	0	0	0	0	0	0	1
998baxcalibur	0	0	0	0	0	1	0	0	0	0	0	0	0	0	0	0	0	1
999gimmighoul	0	0	0	0	0	0	0	0	0	0	0	0	0	1	0	0	0	0
1000gholdengo	0	0	0	0	0	0	0	0	0	0	0	0	0	1	0	1	0	0
1001wo-chien	0	0	0	0	1	0	0	0	0	0	0	0	0	0	1	0	0	0
1002chien-pao	0	0	0	0	0	1	0	0	0	0	0	0	0	0	1	0	0	0
1003ting-lu	0	0	0	0	0	0	0	0	1	0	0	0	0	0	1	0	0	0
1004chi-yu	0	1	0	0	0	0	0	0	0	0	0	0	0	0	1	0	0	0
1005roaring-moon	0	0	0	0	0	0	0	0	0	0	0	0	0	0	1	0	0	1
1006iron-valiant	0	0	0	0	0	0	1	0	0	0	0	0	0	0	0	0	1	0
1007koraidon	0	0	0	0	0	0	1	0	0	0	0	0	0	0	0	0	0	1
1008miraidon	0	0	0	1	0	0	0	0	0	0	0	0	0	0	0	0	0	1
1009walking-wake	0	0	1	0	0	0	0	0	0	0	0	0	0	0	0	0	0	1
1010iron-leaves	0	0	0	0	1	0	0	0	0	0	1	0	0	0	0	0	0	0
1011dipplin	0	0	0	0	1	0	0	0	0	0	0	0	0	0	0	0	0	1
1012poltchageist	0	0	0	0	1	0	0	0	0	0	0	0	0	1	0	0	0	0
